        Frequency / GHz                S1,1/abs,dB
----------------------------------------------------------------------
                       2                      -8.3280368
                   2.007                      -8.2930287
               2.0139999                      -8.2576003
               2.0209999                      -8.2218928
               2.0280001                      -8.1860508
               2.0350001                        -8.15022
               2.0420001                      -8.1145481
                   2.049                      -8.0791817
                   2.056                      -8.0442627
                   2.063                      -8.0099275
               2.0699999                      -7.9763089
               2.0769999                      -7.9435273
               2.0840001                      -7.9116995
               2.0910001                      -7.8809298
                   2.098                      -7.8513134
                   2.105                      -7.8229374
                   2.112                      -7.7958772
                   2.119                      -7.7701977
               2.1259999                      -7.7459586
               2.1329999                      -7.7232077
               2.1400001                      -7.7019849
               2.1470001                      -7.6823226
                   2.154                      -7.6642441
                   2.161                      -7.6477682
                   2.168                      -7.6329065
                   2.175                      -7.6196619
               2.1819999                      -7.6080347
               2.1889999                      -7.5980131
               2.1960001                      -7.5895871
               2.2030001                      -7.5827352
                    2.21                      -7.5774308
                   2.217                      -7.5736413
                   2.224                      -7.5713291
               2.2309999                      -7.5704493
               2.2379999                      -7.5709496
               2.2449999                       -7.572776
               2.2520001                      -7.5758631
               2.2590001                      -7.5801485
                   2.266                      -7.5855577
                   2.273                      -7.5920196
                    2.28                      -7.5994585
               2.2869999                      -7.6077962
               2.2939999                      -7.6169608
               2.3010001                      -7.6268796
               2.3080001                      -7.6374851
               2.3150001                      -7.6487158
                   2.322                      -7.6605202
                   2.329                      -7.6728554
                   2.336                        -7.68569
               2.3429999                      -7.6990055
               2.3499999                      -7.7127986
               2.3570001                      -7.7270793
               2.3640001                      -7.7418734
               2.3710001                      -7.7572226
                   2.378                      -7.7731837
                   2.385                      -7.7898235
                   2.392                      -7.8072278
               2.3989999                      -7.8254897
               2.4059999                      -7.8447094
               2.4130001                      -7.8649974
               2.4200001                      -7.8864651
                   2.427                      -7.9092254
                   2.434                      -7.9333924
                   2.441                      -7.9590702
                   2.448                      -7.9863578
               2.4549999                      -8.0153434
               2.4619999                      -8.0460998
               2.4690001                      -8.0786865
               2.4760001                      -8.1131412
                   2.483                       -8.149483
                    2.49                      -8.1877074
                   2.497                      -8.2277863
               2.5039999                      -8.2696675
               2.5109999                      -8.3132732
               2.5179999                       -8.358502
               2.5250001                      -8.4052229
               2.5320001                      -8.4532884
                   2.539                      -8.5025229
                   2.546                      -8.5527323
                   2.553                      -8.6037016
               2.5599999                      -8.6552033
               2.5669999                      -8.7069952
               2.5739999                      -8.7588288
               2.5810001                      -8.8104494
               2.5880001                      -8.8616006
                   2.595                      -8.9120335
                   2.602                      -8.9615043
                   2.609                      -9.0097863
               2.6159999                      -9.0566672
               2.6229999                       -9.101958
               2.6300001                      -9.1454968
               2.6370001                      -9.1871527
               2.6440001                       -9.226818
                   2.651                      -9.2644306
                   2.658                      -9.2999558
                   2.665                      -9.3333959
               2.6719999                      -9.3647851
               2.6789999                      -9.3941931
               2.6860001                      -9.4217201
               2.6930001                      -9.4474889
                     2.7                      -9.4716448
                   2.707                      -9.4943525
                   2.714                      -9.5157876
                   2.721                       -9.536132
               2.7279999                      -9.5555686
               2.7349999                       -9.574273
               2.7420001                      -9.5924134
               2.7490001                      -9.6101414
                   2.756                      -9.6275889
                   2.763                      -9.6448641
                    2.77                      -9.6620475
                   2.777                      -9.6791925
               2.7839999                      -9.6963218
               2.7909999                       -9.713428
               2.7980001                      -9.7304757
               2.8050001                      -9.7474021
                   2.812                      -9.7641224
                   2.819                      -9.7805315
                   2.826                       -9.796511
               2.8329999                      -9.8119358
               2.8399999                      -9.8266786
               2.8469999                      -9.8406183
               2.8540001                      -9.8536473
               2.8610001                      -9.8656774
                   2.868                      -9.8766438
                   2.875                      -9.8865149
                   2.882                       -9.895293
               2.8889999                      -9.9030166
               2.8959999                      -9.9097622
               2.9030001                      -9.9156448
               2.9100001                      -9.9208092
               2.9170001                       -9.925432
                   2.924                      -9.9297116
                   2.931                      -9.9338625
                   2.938                       -9.938099
               2.9449999                      -9.9426389
               2.9519999                      -9.9476799
               2.9590001                      -9.9533969
               2.9660001                      -9.9599301
                   2.973                      -9.9673753
                    2.98                       -9.975774
                   2.987                      -9.9851138
                   2.994                      -9.9953148
               3.0009999                      -10.006233
               3.0079999                      -10.017661
               3.0150001                      -10.029328
               3.0220001                      -10.040908
                   3.029                       -10.05203
                   3.036                      -10.062289
                   3.043                      -10.071266
                    3.05                      -10.078544
               3.0569999                      -10.083724
               3.0639999                       -10.08646
               3.0710001                      -10.086467
               3.0780001                       -10.08355
                   3.085                       -10.07763
                   3.092                      -10.068744
                   3.099                      -10.057072
               3.1059999                      -10.042937
               3.1129999                       -10.02681
               3.1199999                      -10.009301
               3.1270001                      -9.9911598
               3.1340001                      -9.9732525
                   3.141                      -9.9565517
                   3.148                      -9.9421164
                   3.155                      -9.9310702
               3.1619999                      -9.9245826
               3.1689999                      -9.9238523
               3.1760001                      -9.9300864
               3.1830001                       -9.944486
               3.1900001                      -9.9682372
                   3.197                      -10.002494
                   3.204                      -10.048379
                   3.211                      -10.106971
               3.2179999                      -10.179306
               3.2249999                      -10.266374
               3.2320001                      -10.369116
               3.2390001                      -10.488436
               3.2460001                      -10.625183
                   3.253                       -10.78017
                    3.26                      -10.954169
                   3.267                      -11.147911
               3.2739999                      -11.362086
               3.2809999                      -11.597349
               3.2880001                      -11.854307
               3.2950001                      -12.133526
                   3.302                      -12.435514
                   3.309                      -12.760718
                   3.316                       -13.10951
                   3.323                      -13.482159
               3.3299999                      -13.878812
               3.3369999                      -14.299454
               3.3440001                      -14.743863
               3.3510001                      -15.211551
                   3.358                      -15.701681
                   3.365                      -16.212971
                   3.372                      -16.743583
               3.3789999                      -17.290968
               3.3859999                      -17.851708
               3.3929999                      -18.421336
               3.4000001                      -18.994163
               3.4070001                      -19.563144
                   3.414                      -20.119824
                   3.421                      -20.654447
                   3.428                       -21.15627
               3.4349999                       -21.61417
               3.4419999                      -22.017501
               3.4489999                      -22.357103
               3.4560001                      -22.626288
               3.4630001                      -22.821514
                    3.47                      -22.942575
                   3.477                      -22.992255
                   3.484                       -22.97559
               3.4909999                      -22.898927
               3.4979999                      -22.769097
               3.5050001                      -22.592776
               3.5120001                       -22.37614
               3.5190001                      -22.124751
                   3.526                      -21.843593
                   3.533                      -21.537198
                    3.54                      -21.209771
               3.5469999                       -20.86529
               3.5539999                      -20.507562
               3.5610001                      -20.140233
               3.5680001                      -19.766763
                   3.575                      -19.390384
                   3.582                       -19.01406
                   3.589                      -18.640446
                   3.596                      -18.271855
               3.6029999                      -17.910255
               3.6099999                       -17.55726
               3.6170001                      -17.214145
               3.6240001                      -16.881874
                   3.631                      -16.561113
                   3.638                      -16.252265
                   3.645                      -15.955505
                   3.652                      -15.670805
               3.6589999                      -15.397967
               3.6659999                      -15.136652
               3.6730001                      -14.886407
               3.6800001                      -14.646691
                   3.687                        -14.4169
                   3.694                      -14.196391
                   3.701                      -13.984501
               3.7079999                      -13.780569
               3.7149999                      -13.583951
               3.7219999                      -13.394041
               3.7290001                      -13.210279
               3.7360001                      -13.032166
                   3.743                      -12.859273
                    3.75                       -12.69124
                   3.757                      -12.527789
               3.7639999                      -12.368718
               3.7709999                      -12.213899
               3.7780001                      -12.063271
               3.7850001                       -11.91684
               3.7920001                      -11.774663
                   3.799                       -11.63684
                   3.806                      -11.503507
                   3.813                       -11.37482
               3.8199999                       -11.25095
               3.8269999                      -11.132067
               3.8340001                      -11.018338
               3.8410001                      -10.909913
                   3.848                      -10.806924
                   3.855                      -10.709473
                   3.862                      -10.617638
                   3.869                      -10.531459
               3.8759999                      -10.450947
               3.8829999                      -10.376078
               3.8900001                        -10.3068
               3.8970001                      -10.243026
                   3.904                       -10.18465
                   3.911                      -10.131541
                   3.918                      -10.083551
                   3.925                      -10.040521
               3.9319999                      -10.002286
               3.9389999                      -9.9686821
               3.9460001                      -9.9395441
               3.9530001                      -9.9147271
                    3.96                      -9.8940889
                   3.967                      -9.8775158
                   3.974                      -9.8649157
               3.9809999                      -9.8562183
               3.9879999                      -9.8513855
               3.9949999                      -9.8504058
               4.0019999                      -9.8532964
               4.0089998                      -9.8601046
               4.0159998                      -9.8709072
               4.0229998                      -9.8857996
               4.0300002                      -9.9049036
               4.0370002                      -9.9283608
               4.0440001                      -9.9563253
               4.0510001                      -9.9889685
               4.0580001                      -10.026463
               4.0650001                      -10.068991
                   4.072                      -10.116736
                   4.079                       -10.16988
                   4.086                      -10.228597
               4.0929999                      -10.293066
               4.0999999                       -10.36345
               4.1069999                      -10.439913
               4.1139998                      -10.522606
               4.1209998                      -10.611684
               4.1279998                      -10.707289
               4.1350002                       -10.80957
               4.1420002                      -10.918674
               4.1490002                      -11.034752
               4.1560001                       -11.15797
               4.1630001                      -11.288505
               4.1700001                      -11.426551
                   4.177                      -11.572327
                   4.184                      -11.726081
                   4.191                      -11.888095
                   4.198                      -12.058691
               4.2049999                      -12.238231
               4.2119999                      -12.427131
               4.2189999                      -12.625862
               4.2259998                      -12.834951
               4.2329998                      -13.054992
               4.2399998                      -13.286651
               4.2470002                      -13.530667
               4.2540002                      -13.787863
               4.2610002                      -14.059155
               4.2680001                      -14.345552
               4.2750001                      -14.648174
               4.2820001                       -14.96826
                   4.289                      -15.307186
                   4.296                       -15.66648
                   4.303                      -16.047848
               4.3099999                      -16.453199
               4.3169999                      -16.884683
               4.3239999                      -17.344741
               4.3309999                      -17.836148
               4.3379998                        -18.3621
               4.3449998                       -18.92629
               4.3520002                      -19.533029
               4.3590002                      -20.187376
               4.3660002                      -20.895308
               4.3730001                      -21.663905
               4.3800001                      -22.501554
               4.3870001                      -23.418069
               4.3940001                      -24.424596
                   4.401                      -25.532799
                   4.408                      -26.752171
                   4.415                      -28.082541
               4.4219999                      -29.494991
               4.4289999                      -30.889534
               4.4359999                      -32.030925
               4.4429998                      -32.558102
               4.4499998                      -32.247206
               4.4569998                      -31.273706
               4.4640002                       -30.00094
               4.4710002                      -28.685427
               4.4780002                      -27.441229
               4.4850001                      -26.303245
               4.4920001                      -25.273529
               4.4990001                      -24.342794
                   4.506                      -23.498996
                   4.513                      -22.730449
                    4.52                      -22.026808
                   4.527                      -21.379232
               4.5339999                      -20.780274
               4.5409999                      -20.223692
               4.5479999                      -19.704253
               4.5549998                      -19.217566
               4.5619998                      -18.759935
               4.5689998                      -18.328239
               4.5760002                      -17.919838
               4.5830002                      -17.532489
               4.5900002                      -17.164282
               4.5970001                       -16.81359
               4.6040001                      -16.479009
               4.6110001                       -16.15934
                   4.618                       -15.85354
                   4.625                      -15.560698
                   4.632                      -15.280014
               4.6389999                      -15.010782
               4.6459999                      -14.752365
               4.6529999                      -14.504191
               4.6599998                      -14.265729
               4.6669998                       -14.03649
               4.6739998                      -13.816014
               4.6810002                      -13.603862
               4.6880002                      -13.399621
               4.6950002                      -13.202888
               4.7020001                      -13.013273
               4.7090001                      -12.830401
               4.7160001                      -12.653906
                   4.723                      -12.483437
                    4.73                      -12.318653
                   4.737                      -12.159225
                   4.744                      -12.004844
               4.7509999                       -11.85521
               4.7579999                       -11.71005
               4.7649999                      -11.569103
               4.7719998                      -11.432136
               4.7789998                      -11.298932
               4.7859998                      -11.169301
               4.7930002                      -11.043075
               4.8000002                      -10.920108
               4.8070002                      -10.800278
               4.8140001                      -10.683485
               4.8210001                       -10.56965
               4.8280001                       -10.45871
                   4.835                       -10.35062
                   4.842                      -10.245349
                   4.849                      -10.142878
               4.8559999                      -10.043195
               4.8629999                      -9.9462944
               4.8699999                      -9.8521785
               4.8769999                      -9.7608437
               4.8839998                      -9.6722889
               4.8909998                      -9.5865089
               4.8979998                       -9.503491
               4.9050002                      -9.4232185
               4.9120002                      -9.3456656
               4.9190001                      -9.2707985
               4.9260001                      -9.1985735
               4.9330001                      -9.1289394
               4.9400001                      -9.0618367
                   4.947                      -8.9971987
                   4.954                      -8.9349532
                   4.961                      -8.8750235
               4.9679999                      -8.8173297
               4.9749999                      -8.7617932
               4.9819999                      -8.7083323
               4.9889998                      -8.6568753
               4.9959998                      -8.6073499
               5.0029998                      -8.5596936
               5.0100002                      -8.5138533
               5.0170002                      -8.4697864
               5.0240002                      -8.4274588
               5.0310001                      -8.3868517
               5.0380001                        -8.34796
               5.0450001                      -8.3107894
                   5.052                      -8.2753593
                   5.059                      -8.2416995
                   5.066                      -8.2098535
                   5.073                      -8.1798738
               5.0799999                      -8.1518202
               5.0869999                      -8.1257584
               5.0939999                      -8.1017593
               5.1009998                      -8.0798978
               5.1079998                      -8.0602465
               5.1149998                       -8.042878
               5.1220002                      -8.0278614
               5.1290002                      -8.0152583
               5.1360002                      -8.0051264
               5.1430001                      -7.9975157
               5.1500001                      -7.9924648
               5.1570001                      -7.9900038
                   5.164                      -7.9901568
                   5.171                       -7.992932
                   5.178                      -7.9983323
               5.1849999                      -8.0063538
               5.1919999                      -8.0169808
               5.1989999                      -8.0301974
               5.2059999                       -8.045979
               5.2129998                      -8.0643002
               5.2199998                      -8.0851373
               5.2270002                      -8.1084645
               5.2340002                      -8.1342667
               5.2410002                      -8.1625269
               5.2480001                       -8.193241
               5.2550001                      -8.2264157
               5.2620001                      -8.2620657
               5.2690001                      -8.3002213
                   5.276                      -8.3409261
                   5.283                      -8.3842386
                    5.29                      -8.4302308
               5.2969999                      -8.4789917
               5.3039999                      -8.5306239
               5.3109999                      -8.5852437
               5.3179998                        -8.64298
               5.3249998                      -8.7039721
               5.3319998                       -8.768369
               5.3390002                      -8.8363297
               5.3460002                      -8.9080152
               5.3530002                      -8.9835944
               5.3600001                      -9.0632333
               5.3670001                      -9.1471034
               5.3740001                      -9.2353683
                   5.381                       -9.328195
                   5.388                      -9.4257395
                   5.395                       -9.528157
                   5.402                      -9.6355937
               5.4089999                      -9.7481909
               5.4159999                      -9.8660835
               5.4229999                      -9.9893987
               5.4299998                      -10.118262
               5.4369998                      -10.252792
               5.4439998                       -10.39311
               5.4510002                      -10.539336
               5.4580002                      -10.691595
               5.4650002                      -10.850019
               5.4720001                      -11.014752
               5.4790001                      -11.185949
               5.4860001                      -11.363793
                   5.493                      -11.548485
                     5.5                      -11.740257
                   5.507                       -11.93938
               5.5139999                      -12.146165
               5.5209999                      -12.360966
               5.5279999                      -12.584197
               5.5349998                      -12.816329
               5.5419998                      -13.057903
               5.5489998                      -13.309533
               5.5560002                      -13.571918
               5.5630002                      -13.845853
               5.5700002                      -14.132233
               5.5770001                      -14.432073
               5.5840001                      -14.746513
               5.5910001                      -15.076848
                   5.598                       -15.42454
                   5.605                      -15.791243
                   5.612                      -16.178845
                   5.619                      -16.589504
               5.6259999                      -17.025698
               5.6329999                      -17.490302
               5.6399999                      -17.986675
               5.6469998                       -18.51878
               5.6539998                      -19.091345
               5.6609998                      -19.710087
               5.6680002                      -20.382019
               5.6750002                      -21.115885
               5.6820002                      -21.922805
               5.6890001                      -22.817234
               5.6960001                      -23.818446
               5.7030001                      -24.952946
                    5.71                      -26.258529
                   5.717                      -27.791519
                   5.724                      -29.640391
               5.7309999                      -31.952347
               5.7379999                      -34.979497
               5.7449999                      -39.021176
               5.7519999                       -42.25167
               5.7589998                      -39.247832
               5.7659998                      -35.210863
               5.7729998                      -32.190357
               5.7800002                      -29.897895
               5.7870002                      -28.075989
               5.7940001                       -26.57405
               5.8010001                      -25.301754
               5.8080001                      -24.201704
               5.8150001                       -23.23546
                   5.822                      -22.376104
                   5.829                      -21.604092
                   5.836                      -20.904799
               5.8429999                      -20.267002
               5.8499999                      -19.681897
               5.8569999                      -19.142456
               5.8639998                      -18.642981
               5.8709998                      -18.178782
               5.8779998                      -17.745961
               5.8850002                      -17.341241
               5.8920002                       -16.96184
               5.8990002                       -16.60538
               5.9060001                       -16.26981
               5.9130001                      -15.953358
               5.9200001                       -15.65447
                   5.927                      -15.371785
                   5.934                      -15.104104
                   5.941                      -14.850359
                   5.948                        -14.6096
               5.9549999                      -14.380972
               5.9619999                      -14.163706
               5.9689999                      -13.957102
               5.9759998                      -13.760521
               5.9829998                      -13.573378
               5.9899998                      -13.395133
               5.9970002                      -13.225279
               6.0040002                       -13.06335
               6.0110002                      -12.908905
               6.0180001                      -12.761528
               6.0250001                      -12.620828
               6.0320001                      -12.486433
                   6.039                       -12.35799
                   6.046                      -12.235163
                   6.053                      -12.117636
               6.0599999                      -12.005106
               6.0669999                      -11.897292
               6.0739999                      -11.793924
               6.0809999                      -11.694753
               6.0879998                      -11.599549
               6.0949998                      -11.508096
               6.1020002                      -11.420202
               6.1090002                      -11.335687
               6.1160002                      -11.254398
               6.1230001                      -11.176197
               6.1300001                      -11.100964
               6.1370001                      -11.028604
               6.1440001                      -10.959033
                   6.151                      -10.892185
                   6.158                      -10.828012
                   6.165                      -10.766483
               6.1719999                      -10.707575
               6.1789999                      -10.651276
               6.1859999                      -10.597587
               6.1929998                      -10.546512
               6.1999998                      -10.498065
               6.2069998                      -10.452258
               6.2140002                      -10.409106
               6.2210002                      -10.368624
               6.2280002                      -10.330823
               6.2350001                      -10.295709
               6.2420001                      -10.263286
               6.2490001                      -10.233547
                   6.256                      -10.206479
                   6.263                      -10.182062
                    6.27                      -10.160264
                   6.277                      -10.141046
               6.2839999                      -10.124364
               6.2909999                      -10.110156
               6.2979999                      -10.098363
               6.3049998                      -10.088913
               6.3119998                      -10.081732
               6.3189998                      -10.076739
               6.3260002                      -10.073854
               6.3330002                      -10.072992
               6.3400002                      -10.074075
               6.3470001                       -10.07702
               6.3540001                      -10.081752
               6.3610001                      -10.088207
                   6.368                      -10.096322
                   6.375                       -10.10605
                   6.382                      -10.117349
               6.3889999                      -10.130195
               6.3959999                      -10.144575
               6.4029999                      -10.160491
               6.4099998                      -10.177959
               6.4169998                      -10.197013
               6.4239998                      -10.217704
               6.4310002                      -10.240092
               6.4380002                      -10.264262
               6.4450002                      -10.290306
               6.4520001                      -10.318334
               6.4590001                      -10.348465
               6.4660001                      -10.380838
                   6.473                      -10.415596
                    6.48                      -10.452893
                   6.487                      -10.492894
                   6.494                      -10.535768
               6.5009999                      -10.581695
               6.5079999                      -10.630851
               6.5149999                      -10.683424
               6.5219998                      -10.739596
               6.5289998                      -10.799557
               6.5359998                      -10.863488
               6.5430002                      -10.931577
               6.5500002                      -11.004001
               6.5570002                       -11.08094
               6.5640001                      -11.162565
               6.5710001                       -11.24904
               6.5780001                      -11.340525
                   6.585                      -11.437171
                   6.592                      -11.539119
                   6.599                      -11.646504
               6.6059999                       -11.75944
               6.6129999                      -11.878041
               6.6199999                      -12.002398
               6.6269999                      -12.132594
               6.6339998                      -12.268691
               6.6409998                      -12.410738
               6.6479998                      -12.558763
               6.6550002                      -12.712773
               6.6620002                      -12.872756
               6.6690001                      -13.038675
               6.6760001                      -13.210471
               6.6830001                      -13.388055
               6.6900001                      -13.571316
                   6.697                      -13.760111
                   6.704                      -13.954272
                   6.711                      -14.153595
               6.7179999                      -14.357854
               6.7249999                      -14.566789
               6.7319999                      -14.780113
               6.7389998                      -14.997514
               6.7459998                      -15.218656
               6.7529998                      -15.443181
               6.7600002                      -15.670716
               6.7670002                      -15.900884
               6.7740002                      -16.133298
               6.7810001                      -16.367579
               6.7880001                      -16.603365
               6.7950001                      -16.840314
                   6.802                      -17.078121
                   6.809                      -17.316524
                   6.816                       -17.55532
                   6.823                      -17.794368
               6.8299999                      -18.033607
               6.8369999                      -18.273054
               6.8439999                      -18.512825
               6.8509998                      -18.753124
               6.8579998                      -18.994255
               6.8649998                      -19.236626
               6.8720002                      -19.480737
               6.8790002                      -19.727186
               6.8860002                      -19.976664
               6.8930001                      -20.229943
               6.9000001                      -20.487878
               6.9070001                      -20.751397
                   6.914                      -21.021498
                   6.921                      -21.299237
                   6.928                      -21.585738
               6.9349999                      -21.882182
               6.9419999                      -22.189813
               6.9489999                      -22.509943
               6.9559999                      -22.843956
               6.9629998                      -23.193332
               6.9699998                       -23.55966
               6.9770002                      -23.944659
               6.9840002                      -24.350216
               6.9910002                      -24.778428
               6.9980001                      -25.231657
               7.0050001                      -25.712592
               7.0120001                      -26.224343
               7.0190001                      -26.770554
                   7.026                      -27.355539
                   7.033                      -27.984475
                    7.04                      -28.663632
               7.0469999                      -29.400689
               7.0539999                      -30.205104
               7.0609999                      -31.088585
               7.0679998                      -32.065548
               7.0749998                      -33.153372
               7.0819998                      -34.371614
               7.0890002                      -35.737797
               7.0960002                      -37.252463
               7.1030002                      -38.853699
               7.1100001                      -40.307125
               7.1170001                      -41.093039
               7.1240001                       -40.72548
                   7.131                       -39.41027
                   7.138                      -37.736662
                   7.145                      -36.070882
                   7.152                      -34.537709
               7.1589999                      -33.157325
               7.1659999                      -31.917292
               7.1729999                      -30.798228
               7.1799998                      -29.781643
               7.1869998                      -28.851848
               7.1939998                      -27.996037
               7.2010002                      -27.203873
               7.2080002                      -26.467009
               7.2150002                      -25.778682
               7.2220001                      -25.133363
               7.2290001                      -24.526496
               7.2360001                      -23.954297
                   7.243                      -23.413593
                    7.25                      -22.901696
                   7.257                      -22.416313
               7.2639999                      -21.955467
               7.2709999                      -21.517442
               7.2779999                      -21.100728
               7.2849998                      -20.703998
               7.2919998                      -20.326062
               7.2989998                      -19.965857
               7.3060002                      -19.622421
               7.3130002                      -19.294879
               7.3200002                      -18.982429
               7.3270001                      -18.684335
               7.3340001                      -18.399917
               7.3410001                      -18.128549
                   7.348                      -17.869642
                   7.355                      -17.622652
                   7.362                      -17.387069
                   7.369                      -17.162415
               7.3759999                      -16.948245
               7.3829999                       -16.74414
               7.3899999                      -16.549702
               7.3969998                      -16.364561
               7.4039998                      -16.188366
               7.4109998                      -16.020783
               7.4180002                      -15.861499
               7.4250002                      -15.710213
               7.4320002                      -15.566636
               7.4390001                      -15.430492
               7.4460001                      -15.301515
               7.4530001                      -15.179446
                    7.46                      -15.064028
                   7.467                      -14.955016
                   7.474                      -14.852161
               7.4809999                       -14.75522
               7.4879999                      -14.663947
               7.4949999                      -14.578101
               7.5019999                      -14.497438
               7.5089998                      -14.421713
               7.5159998                      -14.350684
               7.5229998                      -14.284104
               7.5300002                      -14.221734
               7.5370002                      -14.163332
               7.5440001                      -14.108664
               7.5510001                      -14.057497
               7.5580001                      -14.009609
               7.5650001                      -13.964788
                   7.572                       -13.92283
                   7.579                      -13.883546
                   7.586                      -13.846763
               7.5929999                      -13.812323
               7.5999999                      -13.780087
               7.6069999                      -13.749933
               7.6139998                      -13.721762
               7.6209998                      -13.695491
               7.6279998                      -13.671057
               7.6350002                      -13.648417
               7.6420002                      -13.627541
               7.6490002                      -13.608418
               7.6560001                      -13.591047
               7.6630001                      -13.575437
               7.6700001                      -13.561606
                   7.677                      -13.549575
                   7.684                      -13.539368
                   7.691                      -13.531005
                   7.698                      -13.524506
               7.7049999                       -13.51988
               7.7119999                      -13.517131
               7.7189999                      -13.516251
               7.7259998                      -13.517223
               7.7329998                      -13.520015
               7.7399998                      -13.524586
               7.7470002                      -13.530884
               7.7540002                      -13.538847
               7.7610002                      -13.548401
               7.7680001                       -13.55947
               7.7750001                      -13.571975
               7.7820001                      -13.585833
                   7.789                      -13.600967
                   7.796                      -13.617303
                   7.803                      -13.634777
               7.8099999                      -13.653339
               7.8169999                       -13.67295
               7.8239999                      -13.693591
               7.8309999                      -13.715259
               7.8379998                      -13.737974
               7.8449998                      -13.761775
               7.8520002                      -13.786722
               7.8590002                      -13.812896
               7.8660002                      -13.840395
               7.8730001                      -13.869333
               7.8800001                      -13.899842
               7.8870001                      -13.932061
               7.8940001                      -13.966139
                   7.901                       -14.00223
                   7.908                      -14.040491
                   7.915                      -14.081074
               7.9219999                      -14.124133
               7.9289999                      -14.169809
               7.9359999                      -14.218234
               7.9429998                      -14.269534
               7.9499998                      -14.323818
               7.9569998                      -14.381184
               7.9640002                      -14.441721
               7.9710002                      -14.505501
               7.9780002                      -14.572587
               7.9850001                      -14.643036
               7.9920001                      -14.716895
               7.9990001                      -14.794209
               8.0059996                      -14.875024
               8.0129995                      -14.959383
               8.0200005                      -15.047342
               8.0270004                      -15.138961
               8.0340004                      -15.234314
               8.0410004                      -15.333494
               8.0480003                      -15.436606
               8.0550003                      -15.543782
               8.0620003                      -15.655171
               8.0690002                      -15.770947
               8.0760002                      -15.891313
               8.0830002                      -16.016489
               8.0900002                      -16.146722
               8.0970001                      -16.282279
               8.1040001                      -16.423449
               8.1110001                      -16.570538
                   8.118                      -16.723866
                   8.125                      -16.883764
                   8.132                      -17.050577
               8.1389999                      -17.224644
               8.1459999                      -17.406311
               8.1529999                      -17.595922
               8.1599998                      -17.793806
               8.1669998                      -18.000281
               8.1739998                      -18.215648
               8.1809998                      -18.440181
               8.1879997                      -18.674127
               8.1949997                      -18.917689
               8.2019997                      -19.171027
               8.2089996                       -19.43424
               8.2159996                      -19.707356
               8.2229996                      -19.990313
               8.2299995                      -20.282942
               8.2370005                       -20.58494
               8.2440004                      -20.895834
               8.2510004                      -21.214946
               8.2580004                      -21.541344
               8.2650003                      -21.873785
               8.2720003                      -22.210646
               8.2790003                       -22.54985
               8.2860003                      -22.888783
               8.2930002                      -23.224219
               8.3000002                      -23.552258
               8.3070002                      -23.868275
               8.3140001                      -24.166954
               8.3210001                      -24.442375
               8.3280001                      -24.688228
                   8.335                      -24.898135
                   8.342                      -25.066096
                   8.349                      -25.187018
               8.3559999                      -25.257231
               8.3629999                      -25.274916
               8.3699999                      -25.240337
               8.3769999                      -25.155816
               8.3839998                      -25.025476
               8.3909998                      -24.854783
               8.3979998                      -24.650025
               8.4049997                      -24.417781
               8.4119997                        -24.1645
               8.4189997                      -23.896178
               8.4259996                      -23.618168
               8.4329996                      -23.335099
               8.4399996                      -23.050862
               8.4469995                      -22.768653
               8.4540005                      -22.491042
               8.4610004                      -22.220055
               8.4680004                      -21.957248
               8.4750004                      -21.703794
               8.4820004                      -21.460545
               8.4890003                      -21.228088
               8.4960003                      -21.006797
               8.5030003                      -20.796875
               8.5100002                       -20.59838
               8.5170002                      -20.411267
               8.5240002                      -20.235388
               8.5310001                      -20.070532
               8.5380001                      -19.916427
               8.5450001                      -19.772754
                   8.552                      -19.639162
                   8.559                      -19.515269
                   8.566                      -19.400674
                   8.573                      -19.294971
               8.5799999                      -19.197735
               8.5869999                      -19.108549
               8.5939999                      -19.026992
               8.6009998                      -18.952653
               8.6079998                       -18.88513
               8.6149998                      -18.824034
               8.6219997                      -18.768998
               8.6289997                      -18.719665
               8.6359997                      -18.675705
               8.6429996                      -18.636808
               8.6499996                      -18.602687
               8.6569996                      -18.573076
               8.6639996                      -18.547734
               8.6709995                       -18.52644
               8.6780005                      -18.508993
               8.6850004                       -18.49521
               8.6920004                      -18.484926
               8.6990004                      -18.477984
               8.7060003                       -18.47424
               8.7130003                      -18.473556
               8.7200003                        -18.4758
               8.7270002                      -18.480838
               8.7340002                      -18.488531
               8.7410002                      -18.498741
               8.7480001                      -18.511318
               8.7550001                      -18.526101
               8.7620001                      -18.542923
               8.7690001                      -18.561596
                   8.776                      -18.581926
                   8.783                      -18.603704
                    8.79                      -18.626704
               8.7969999                      -18.650696
               8.8039999                      -18.675434
               8.8109999                      -18.700666
               8.8179998                      -18.726133
               8.8249998                      -18.751577
               8.8319998                      -18.776733
               8.8389997                      -18.801344
               8.8459997                      -18.825157
               8.8529997                      -18.847925
               8.8599997                      -18.869414
               8.8669996                      -18.889396
               8.8739996                      -18.907659
               8.8809996                      -18.924002
               8.8879995                      -18.938237
               8.8950005                      -18.950186
               8.9020004                      -18.959679
               8.9090004                      -18.966557
               8.9160004                      -18.970663
               8.9230003                      -18.971844
               8.9300003                      -18.969945
               8.9370003                      -18.964809
               8.9440002                      -18.956274
               8.9510002                      -18.944174
               8.9580002                       -18.92834
               8.9650002                      -18.908594
               8.9720001                      -18.884759
               8.9790001                      -18.856661
               8.9860001                      -18.824132
                   8.993                      -18.787016
                       9                      -18.745182

