        Frequency / GHz                voltage1_1 [1]/abs,dB
----------------------------------------------------------------------
                       2                      -239.64012
                   2.007                      -239.83457
                   2.014                      -240.06694
                   2.021                      -240.34002
                   2.028                      -240.65715
                   2.035                      -241.02234
                   2.042                      -241.44047
                   2.049                       -241.9175
                   2.056                      -242.46082
                   2.063                      -243.07974
                    2.07                      -243.78608
                   2.077                      -244.59511
                   2.084                      -245.52693
                   2.091                      -246.60826
                   2.098                      -247.87486
                   2.105                      -249.37355
                   2.112                      -251.15811
                   2.119                      -253.25193
                   2.126                      -255.46073
                   2.133                      -256.83824
                    2.14                      -256.08544
                   2.147                      -253.91916
                   2.154                      -251.63155
                   2.161                      -249.62557
                   2.168                      -247.92246
                   2.175                      -246.47164
                   2.182                      -245.22237
                   2.189                       -244.1348
                   2.196                      -243.17903
                   2.203                      -242.33267
                    2.21                      -241.57875
                   2.217                      -240.90422
                   2.224                      -240.29886
                   2.231                      -239.75455
                   2.238                      -239.26476
                   2.245                      -238.82415
                   2.252                      -238.42831
                   2.259                      -238.07358
                   2.266                      -237.75686
                   2.273                      -237.47549
                    2.28                      -237.22721
                   2.287                      -237.01004
                   2.294                      -236.82224
                   2.301                      -236.66226
                   2.308                      -236.52872
                   2.315                      -236.42033
                   2.322                      -236.33589
                   2.329                      -236.27426
                   2.336                      -236.23434
                   2.343                      -236.21502
                    2.35                      -236.21517
                   2.357                      -236.23362
                   2.364                       -236.2691
                   2.371                      -236.32028
                   2.378                      -236.38566
                   2.385                      -236.46361
                   2.392                      -236.55231
                   2.399                      -236.64975
                   2.406                       -236.7537
                   2.413                      -236.86171
                    2.42                      -236.97112
                   2.427                      -237.07909
                   2.434                      -237.18267
                   2.441                      -237.27882
                   2.448                      -237.36456
                   2.455                      -237.43707
                   2.462                      -237.49382
                   2.469                      -237.53272
                   2.476                      -237.55223
                   2.483                      -237.55147
                    2.49                      -237.53026
                   2.497                      -237.48915
                   2.504                      -237.42933
                   2.511                       -237.3526
                   2.518                      -237.26122
                   2.525                      -237.15775
                   2.532                      -237.04495
                   2.539                      -236.92566
                   2.546                      -236.80265
                   2.553                      -236.67857
                    2.56                      -236.55589
                   2.567                      -236.43685
                   2.574                      -236.32346
                   2.581                      -236.21751
                   2.588                      -236.12054
                   2.595                      -236.03387
                   2.602                      -235.95866
                   2.609                      -235.89587
                   2.616                      -235.84632
                   2.623                      -235.81069
                    2.63                      -235.78958
                   2.637                      -235.78345
                   2.644                      -235.79272
                   2.651                      -235.81774
                   2.658                      -235.85881
                   2.665                      -235.91616
                   2.672                      -235.99004
                   2.679                      -236.08062
                   2.686                      -236.18811
                   2.693                      -236.31265
                     2.7                      -236.45443
                   2.707                       -236.6136
                   2.714                      -236.79032
                   2.721                      -236.98475
                   2.728                      -237.19708
                   2.735                      -237.42749
                   2.742                      -237.67618
                   2.749                      -237.94336
                   2.756                      -238.22926
                   2.763                      -238.53414
                    2.77                      -238.85828
                   2.777                      -239.20197
                   2.784                      -239.56554
                   2.791                      -239.94937
                   2.798                      -240.35384
                   2.805                      -240.77941
                   2.812                      -241.22658
                   2.819                      -241.69588
                   2.826                      -242.18795
                   2.833                      -242.70347
                    2.84                      -243.24323
                   2.847                      -243.80814
                   2.854                      -244.39921
                   2.861                      -245.01765
                   2.868                      -245.66481
                   2.875                      -246.34227
                   2.882                      -247.05187
                   2.889                      -247.79568
                   2.896                      -248.57606
                   2.903                      -249.39554
                    2.91                       -250.2567
                   2.917                      -251.16176
                   2.924                       -252.1118
                   2.931                      -253.10513
                   2.938                       -254.1343
                   2.945                      -255.18066
                   2.952                      -256.20561
                   2.959                      -257.13949
                   2.966                      -257.87612
                   2.973                      -258.29188
                    2.98                       -258.3018
                   2.987                      -257.91597
                   2.994                      -257.23228
                   3.001                       -256.3747
                   3.008                      -255.44327
                   3.015                      -254.50135
                   3.022                       -253.5832
                   3.029                      -252.70502
                   3.036                        -251.873
                   3.043                      -251.08825
                    3.05                      -250.34947
                   3.057                      -249.65435
                   3.064                      -249.00033
                   3.071                      -248.38488
                   3.078                      -247.80569
                   3.085                       -247.2607
                   3.092                       -246.7481
                   3.099                      -246.26632
                   3.106                        -245.814
                   3.113                      -245.38996
                    3.12                      -244.99318
                   3.127                      -244.62278
                   3.134                      -244.27795
                   3.141                      -243.95803
                   3.148                      -243.66238
                   3.155                      -243.39044
                   3.162                      -243.14172
                   3.169                      -242.91571
                   3.176                      -242.71196
                   3.183                      -242.53001
                    3.19                      -242.36939
                   3.197                      -242.22961
                   3.204                      -242.11013
                   3.211                      -242.01035
                   3.218                      -241.92957
                   3.225                        -241.867
                   3.232                      -241.82167
                   3.239                      -241.79244
                   3.246                      -241.77797
                   3.253                      -241.77663
                    3.26                      -241.78649
                   3.267                      -241.80527
                   3.274                      -241.83029
                   3.281                      -241.85849
                   3.288                      -241.88637
                   3.295                      -241.91008
                   3.302                      -241.92545
                   3.309                      -241.92813
                   3.316                      -241.91378
                   3.323                      -241.87832
                    3.33                      -241.81816
                   3.337                      -241.73048
                   3.344                      -241.61351
                   3.351                      -241.46662
                   3.358                      -241.29044
                   3.365                      -241.08675
                   3.372                      -240.85837
                   3.379                      -240.60886
                   3.386                      -240.34231
                   3.393                      -240.06302
                     3.4                       -239.7753
                   3.407                      -239.48327
                   3.414                      -239.19077
                   3.421                      -238.90123
                   3.428                      -238.61767
                   3.435                      -238.34271
                   3.442                      -238.07856
                   3.449                      -237.82711
                   3.456                      -237.58989
                   3.463                      -237.36821
                    3.47                      -237.16311
                   3.477                      -236.97547
                   3.484                      -236.80598
                   3.491                      -236.65523
                   3.498                       -236.5237
                   3.505                      -236.41178
                   3.512                       -236.3198
                   3.519                      -236.24802
                   3.526                      -236.19669
                   3.533                      -236.16598
                    3.54                      -236.15608
                   3.547                      -236.16711
                   3.554                      -236.19917
                   3.561                      -236.25235
                   3.568                      -236.32666
                   3.575                       -236.4221
                   3.582                      -236.53857
                   3.589                      -236.67591
                   3.596                      -236.83385
                   3.603                      -237.01196
                    3.61                      -237.20964
                   3.617                      -237.42607
                   3.624                      -237.66011
                   3.631                      -237.91028
                   3.638                      -238.17464
                   3.645                      -238.45072
                   3.652                      -238.73543
                   3.659                      -239.02494
                   3.666                       -239.3147
                   3.673                      -239.59936
                    3.68                       -239.8729
                   3.687                      -240.12877
                   3.694                      -240.36029
                   3.701                      -240.56102
                   3.708                      -240.72539
                   3.715                      -240.84929
                   3.722                      -240.93049
                   3.729                      -240.96905
                   3.736                      -240.96724
                   3.743                      -240.92935
                    3.75                       -240.8612
                   3.757                      -240.76955
                   3.764                      -240.66156
                   3.771                      -240.54427
                   3.778                      -240.42432
                   3.785                      -240.30769
                   3.792                      -240.19962
                   3.799                      -240.10465
                   3.806                      -240.02662
                   3.813                      -239.96882
                    3.82                      -239.93403
                   3.827                      -239.92465
                   3.834                      -239.94281
                   3.841                      -239.99041
                   3.848                      -240.06925
                   3.855                      -240.18108
                   3.862                      -240.32765
                   3.869                      -240.51079
                   3.876                      -240.73245
                   3.883                      -240.99477
                    3.89                      -241.30011
                   3.897                      -241.65112
                   3.904                      -242.05075
                   3.911                      -242.50231
                   3.918                      -243.00944
                   3.925                      -243.57605
                   3.932                      -244.20609
                   3.939                       -244.9031
                   3.946                      -245.66921
                   3.953                      -246.50319
                    3.96                      -247.39676
                   3.967                      -248.32794
                   3.974                       -249.2506
                   3.981                      -250.08222
                   3.988                      -250.70196
                   3.995                      -250.98202
                   4.002                      -250.85689
                   4.009                       -250.3708
                   4.016                      -249.64489
                   4.023                      -248.80573
                    4.03                      -247.94453
                   4.037                      -247.11423
                   4.044                        -246.341
                   4.051                      -245.63546
                   4.058                      -245.00008
                   4.065                      -244.43341
                   4.072                      -243.93231
                   4.079                      -243.49307
                   4.086                      -243.11202
                   4.093                      -242.78575
                     4.1                      -242.51124
                   4.107                      -242.28586
                   4.114                      -242.10738
                   4.121                      -241.97396
                   4.128                      -241.88408
                   4.135                      -241.83655
                   4.142                      -241.83048
                   4.149                      -241.86524
                   4.156                      -241.94044
                   4.163                      -242.05594
                    4.17                       -242.2118
                   4.177                      -242.40829
                   4.184                      -242.64584
                   4.191                      -242.92504
                   4.198                      -243.24655
                   4.205                      -243.61109
                   4.212                      -244.01927
                   4.219                      -244.47141
                   4.226                       -244.9673
                   4.233                      -245.50569
                    4.24                      -246.08358
                   4.247                      -246.69521
                   4.254                      -247.33046
                   4.261                      -247.97294
                   4.268                      -248.59771
                   4.275                      -249.16987
                   4.282                      -249.64573
                   4.289                       -249.9791
                   4.296                      -250.13313
                   4.303                      -250.09334
                    4.31                      -249.87348
                   4.317                      -249.50971
                   4.324                      -249.04761
                   4.331                       -248.5303
                   4.338                      -247.99209
                   4.345                      -247.45727
                   4.352                      -246.94156
                   4.359                      -246.45427
                   4.366                      -246.00035
                   4.373                      -245.58182
                    4.38                      -245.19889
                   4.387                      -244.85066
                   4.394                      -244.53552
                   4.401                      -244.25148
                   4.408                      -243.99632
                   4.415                      -243.76771
                   4.422                      -243.56324
                   4.429                      -243.38052
                   4.436                      -243.21716
                   4.443                      -243.07081
                    4.45                      -242.93918
                   4.457                      -242.82004
                   4.464                      -242.71128
                   4.471                      -242.61089
                   4.478                      -242.51704
                   4.485                      -242.42804
                   4.492                      -242.34245
                   4.499                      -242.25904
                   4.506                      -242.17686
                   4.513                      -242.09521
                    4.52                      -242.01368
                   4.527                      -241.93214
                   4.534                      -241.85071
                   4.541                      -241.76975
                   4.548                      -241.68983
                   4.555                       -241.6117
                   4.562                      -241.53623
                   4.569                       -241.4644
                   4.576                      -241.39722
                   4.583                      -241.33574
                    4.59                      -241.28098
                   4.597                      -241.23392
                   4.604                      -241.19546
                   4.611                      -241.16641
                   4.618                      -241.14744
                   4.625                      -241.13912
                   4.632                      -241.14182
                   4.639                      -241.15575
                   4.646                      -241.18093
                   4.653                      -241.21713
                    4.66                       -241.2639
                   4.667                      -241.32047
                   4.674                       -241.3858
                   4.681                      -241.45847
                   4.688                       -241.5367
                   4.695                      -241.61829
                   4.702                      -241.70062
                   4.709                      -241.78065
                   4.716                      -241.85493
                   4.723                       -241.9197
                    4.73                      -241.97095
                   4.737                      -242.00465
                   4.744                      -242.01687
                   4.751                       -242.0041
                   4.758                      -241.96346
                   4.765                      -241.89294
                   4.772                      -241.79155
                   4.779                      -241.65945
                   4.786                      -241.49789
                   4.793                      -241.30912
                     4.8                      -241.09616
                   4.807                      -240.86263
                   4.814                      -240.61241
                   4.821                      -240.34948
                   4.828                      -240.07771
                   4.835                      -239.80074
                   4.842                      -239.52184
                   4.849                      -239.24392
                   4.856                      -238.96951
                   4.863                      -238.70072
                    4.87                      -238.43933
                   4.877                       -238.1868
                   4.884                      -237.94429
                   4.891                      -237.71272
                   4.898                      -237.49281
                   4.905                      -237.28511
                   4.912                         -237.09
                   4.919                      -236.90777
                   4.926                      -236.73857
                   4.933                      -236.58252
                    4.94                      -236.43962
                   4.947                      -236.30986
                   4.954                      -236.19316
                   4.961                      -236.08941
                   4.968                      -235.99846
                   4.975                      -235.92015
                   4.982                      -235.85429
                   4.989                      -235.80066
                   4.996                      -235.75903
                   5.003                      -235.72914
                    5.01                      -235.71072
                   5.017                      -235.70349
                   5.024                      -235.70713
                   5.031                      -235.72129
                   5.038                      -235.74562
                   5.045                      -235.77971
                   5.052                      -235.82316
                   5.059                       -235.8755
                   5.066                      -235.93622
                   5.073                      -236.00481
                    5.08                      -236.08067
                   5.087                      -236.16318
                   5.094                      -236.25168
                   5.101                      -236.34543
                   5.108                      -236.44368
                   5.115                      -236.54561
                   5.122                      -236.65037
                   5.129                      -236.75708
                   5.136                      -236.86483
                   5.143                      -236.97268
                    5.15                      -237.07972
                   5.157                      -237.18503
                   5.164                      -237.28774
                   5.171                      -237.38703
                   5.178                      -237.48216
                   5.185                      -237.57248
                   5.192                      -237.65745
                   5.199                      -237.73669
                   5.206                      -237.80994
                   5.213                      -237.87711
                    5.22                      -237.93827
                   5.227                      -237.99364
                   5.234                      -238.04362
                   5.241                      -238.08871
                   5.248                      -238.12956
                   5.255                      -238.16693
                   5.262                      -238.20165
                   5.269                      -238.23462
                   5.276                      -238.26678
                   5.283                       -238.2991
                    5.29                      -238.33253
                   5.297                      -238.36801
                   5.304                      -238.40647
                   5.311                      -238.44878
                   5.318                      -238.49577
                   5.325                      -238.54819
                   5.332                      -238.60676
                   5.339                      -238.67212
                   5.346                      -238.74484
                   5.353                      -238.82543
                    5.36                      -238.91432
                   5.367                      -239.01189
                   5.374                      -239.11845
                   5.381                      -239.23425
                   5.388                      -239.35946
                   5.395                      -239.49422
                   5.402                       -239.6386
                   5.409                      -239.79262
                   5.416                      -239.95625
                   5.423                      -240.12942
                    5.43                      -240.31201
                   5.437                      -240.50387
                   5.444                      -240.70482
                   5.451                      -240.91466
                   5.458                      -241.13316
                   5.465                      -241.36012
                   5.472                      -241.59531
                   5.479                      -241.83855
                   5.486                      -242.08967
                   5.493                      -242.34856
                     5.5                      -242.61517
                   5.507                      -242.88953
                   5.514                      -243.17178
                   5.521                      -243.46215
                   5.528                        -243.761
                   5.535                      -244.06882
                   5.542                      -244.38623
                   5.549                      -244.71399
                   5.556                        -245.053
                   5.563                      -245.40425
                    5.57                      -245.76881
                   5.577                      -246.14778
                   5.584                      -246.54221
                   5.591                      -246.95298
                   5.598                      -247.38068
                   5.605                      -247.82532
                   5.612                      -248.28606
                   5.619                      -248.76077
                   5.626                      -249.24538
                   5.633                      -249.73314
                    5.64                       -250.2137
                   5.647                      -250.67228
                   5.654                      -251.08908
                   5.661                      -251.43986
                   5.668                      -251.69815
                   5.675                      -251.83955
                   5.682                      -251.84745
                   5.689                      -251.71774
                   5.696                      -251.46028
                   5.703                      -251.09607
                    5.71                      -250.65193
                   5.717                      -250.15506
                   5.724                      -249.62946
                   5.731                       -249.0943
                   5.738                      -248.56389
                   5.745                      -248.04835
                   5.752                       -247.5545
                   5.759                      -247.08674
                   5.766                      -246.64776
                   5.773                      -246.23908
                    5.78                      -245.86139
                   5.787                      -245.51492
                   5.794                      -245.19953
                   5.801                      -244.91492
                   5.808                      -244.66065
                   5.815                      -244.43628
                   5.822                      -244.24132
                   5.829                      -244.07533
                   5.836                       -243.9379
                   5.843                      -243.82866
                    5.85                       -243.7473
                   5.857                      -243.69357
                   5.864                      -243.66725
                   5.871                      -243.66822
                   5.878                      -243.69637
                   5.885                      -243.75167
                   5.892                      -243.83411
                   5.899                      -243.94373
                   5.906                       -244.0806
                   5.913                       -244.2448
                    5.92                      -244.43641
                   5.927                      -244.65549
                   5.934                      -244.90204
                   5.941                      -245.17598
                   5.948                      -245.47709
                   5.955                      -245.80491
                   5.962                      -246.15871
                   5.969                      -246.53732
                   5.976                      -246.93899
                   5.983                      -247.36122
                    5.99                      -247.80049
                   5.997                      -248.25204
                   6.004                      -248.70957
                   6.011                      -249.16504
                   6.018                      -249.60856
                   6.025                      -250.02858
                   6.032                      -250.41239
                   6.039                      -250.74722
                   6.046                      -251.02173
                   6.053                      -251.22765
                    6.06                      -251.36129
                   6.067                      -251.42422
                   6.074                      -251.42298
                   6.081                       -251.3679
                   6.088                      -251.27144
                   6.095                      -251.14651
                   6.102                      -251.00526
                   6.109                      -250.85822
                   6.116                      -250.71402
                   6.123                      -250.57932
                    6.13                      -250.45896
                   6.137                      -250.35617
                   6.144                      -250.27276
                   6.151                      -250.20934
                   6.158                      -250.16543
                   6.165                      -250.13952
                   6.172                      -250.12917
                   6.179                      -250.13101
                   6.186                      -250.14074
                   6.193                      -250.15322
                     6.2                      -250.16252
                   6.207                      -250.16211
                   6.214                      -250.14518
                   6.221                      -250.10501
                   6.228                      -250.03548
                   6.235                      -249.93163
                   6.242                      -249.79015
                   6.249                      -249.60969
                   6.256                      -249.39105
                   6.263                      -249.13694
                    6.27                      -248.85169
                   6.277                      -248.54069
                   6.284                      -248.20989
                   6.291                      -247.86532
                   6.298                      -247.51268
                   6.305                      -247.15713
                   6.312                      -246.80311
                   6.319                      -246.45434
                   6.326                      -246.11383
                   6.333                      -245.78391
                    6.34                      -245.46634
                   6.347                      -245.16236
                   6.354                      -244.87281
                   6.361                      -244.59816
                   6.368                      -244.33857
                   6.375                      -244.09401
                   6.382                      -243.86419
                   6.389                      -243.64872
                   6.396                      -243.44702
                   6.403                      -243.25846
                    6.41                      -243.08228
                   6.417                      -242.91766
                   6.424                      -242.76375
                   6.431                      -242.61964
                   6.438                       -242.4844
                   6.445                      -242.35709
                   6.452                      -242.23677
                   6.459                      -242.12254
                   6.466                      -242.01349
                   6.473                       -241.9088
                    6.48                      -241.80768
                   6.487                      -241.70942
                   6.494                      -241.61341
                   6.501                      -241.51911
                   6.508                       -241.4261
                   6.515                      -241.33406
                   6.522                      -241.24277
                   6.529                      -241.15215
                   6.536                      -241.06219
                   6.543                      -240.97298
                    6.55                      -240.88473
                   6.557                      -240.79769
                   6.564                      -240.71219
                   6.571                      -240.62861
                   6.578                      -240.54736
                   6.585                       -240.4689
                   6.592                      -240.39366
                   6.599                      -240.32209
                   6.606                      -240.25463
                   6.613                      -240.19168
                    6.62                      -240.13364
                   6.627                      -240.08085
                   6.634                      -240.03361
                   6.641                      -239.99218
                   6.648                      -239.95679
                   6.655                      -239.92759
                   6.662                      -239.90471
                   6.669                      -239.88821
                   6.676                      -239.87813
                   6.683                      -239.87444
                    6.69                       -239.8771
                   6.697                      -239.88602
                   6.704                      -239.90107
                   6.711                       -239.9221
                   6.718                      -239.94896
                   6.725                      -239.98146
                   6.732                      -240.01941
                   6.739                      -240.06263
                   6.746                      -240.11094
                   6.753                      -240.16416
                    6.76                      -240.22216
                   6.767                      -240.28481
                   6.774                      -240.35204
                   6.781                      -240.42379
                   6.788                      -240.50007
                   6.795                      -240.58093
                   6.802                      -240.66646
                   6.809                      -240.75682
                   6.816                      -240.85223
                   6.823                      -240.95293
                    6.83                      -241.05925
                   6.837                      -241.17154
                   6.844                      -241.29019
                   6.851                      -241.41566
                   6.858                      -241.54839
                   6.865                      -241.68887
                   6.872                      -241.83761
                   6.879                      -241.99508
                   6.886                      -242.16178
                   6.893                      -242.33816
                     6.9                      -242.52464
                   6.907                      -242.72157
                   6.914                      -242.92924
                   6.921                      -243.14782
                   6.928                      -243.37737
                   6.935                      -243.61778
                   6.942                      -243.86876
                   6.949                      -244.12979
                   6.956                      -244.40006
                   6.963                      -244.67842
                    6.97                      -244.96337
                   6.977                      -245.25294
                   6.984                      -245.54472
                   6.991                      -245.83573
                   6.998                      -246.12251
                   7.005                      -246.40109
                   7.012                      -246.66707
                   7.019                      -246.91583
                   7.026                      -247.14268
                   7.033                       -247.3432
                    7.04                      -247.51355
                   7.047                      -247.65083
                   7.054                      -247.75333
                   7.061                      -247.82076
                   7.068                      -247.85425
                   7.075                      -247.85628
                   7.082                      -247.83041
                   7.089                      -247.78097
                   7.096                      -247.71274
                   7.103                      -247.63059
                    7.11                      -247.53925
                   7.117                      -247.44304
                   7.124                      -247.34584
                   7.131                      -247.25094
                   7.138                      -247.16106
                   7.145                      -247.07835
                   7.152                      -247.00442
                   7.159                      -246.94037
                   7.166                      -246.88685
                   7.173                      -246.84406
                    7.18                      -246.81183
                   7.187                      -246.78964
                   7.194                       -246.7766
                   7.201                      -246.77155
                   7.208                      -246.77305
                   7.215                      -246.77939
                   7.222                      -246.78866
                   7.229                      -246.79883
                   7.236                      -246.80772
                   7.243                      -246.81315
                    7.25                      -246.81303
                   7.257                      -246.80537
                   7.264                      -246.78847
                   7.271                      -246.76095
                   7.278                      -246.72187
                   7.285                      -246.67073
                   7.292                      -246.60757
                   7.299                       -246.5329
                   7.306                      -246.44771
                   7.313                       -246.3534
                    7.32                      -246.25171
                   7.327                       -246.1446
                   7.334                      -246.03421
                   7.341                      -245.92273
                   7.348                      -245.81236
                   7.355                      -245.70524
                   7.362                      -245.60339
                   7.369                      -245.50869
                   7.376                      -245.42288
                   7.383                      -245.34749
                    7.39                      -245.28394
                   7.397                      -245.23343
                   7.404                      -245.19704
                   7.411                      -245.17569
                   7.418                      -245.17017
                   7.425                      -245.18113
                   7.432                      -245.20913
                   7.439                      -245.25459
                   7.446                      -245.31786
                   7.453                      -245.39915
                    7.46                      -245.49859
                   7.467                      -245.61619
                   7.474                      -245.75185
                   7.481                      -245.90533
                   7.488                      -246.07624
                   7.495                      -246.26403
                   7.502                      -246.46793
                   7.509                      -246.68694
                   7.516                      -246.91981
                   7.523                      -247.16494
                    7.53                      -247.42038
                   7.537                      -247.68378
                   7.544                      -247.95233
                   7.551                      -248.22278
                   7.558                      -248.49139
                   7.565                      -248.75401
                   7.572                      -249.00616
                   7.579                      -249.24319
                   7.586                      -249.46044
                   7.593                      -249.65359
                     7.6                      -249.81887
                   7.607                       -249.9534
                   7.614                      -250.05543
                   7.621                      -250.12446
                   7.628                      -250.16126
                   7.635                      -250.16779
                   7.642                        -250.147
                   7.649                      -250.10249
                   7.656                      -250.03826
                   7.663                      -249.95842
                    7.67                      -249.86693
                   7.677                      -249.76745
                   7.684                       -249.6632
                   7.691                      -249.55693
                   7.698                      -249.45088
                   7.705                       -249.3468
                   7.712                      -249.24598
                   7.719                      -249.14932
                   7.726                      -249.05735
                   7.733                      -248.97028
                    7.74                       -248.8881
                   7.747                      -248.81054
                   7.754                      -248.73721
                   7.761                      -248.66758
                   7.768                      -248.60101
                   7.775                      -248.53685
                   7.782                      -248.47439
                   7.789                      -248.41295
                   7.796                      -248.35184
                   7.803                      -248.29046
                    7.81                      -248.22823
                   7.817                      -248.16466
                   7.824                      -248.09933
                   7.831                      -248.03187
                   7.838                      -247.96202
                   7.845                      -247.88955
                   7.852                      -247.81431
                   7.859                      -247.73618
                   7.866                      -247.65507
                   7.873                      -247.57093
                    7.88                      -247.48369
                   7.887                      -247.39332
                   7.894                      -247.29977
                   7.901                      -247.20298
                   7.908                       -247.1029
                   7.915                      -246.99947
                   7.922                      -246.89263
                   7.929                      -246.78233
                   7.936                      -246.66857
                   7.943                      -246.55135
                    7.95                      -246.43073
                   7.957                      -246.30683
                   7.964                      -246.17983
                   7.971                      -246.04997
                   7.978                      -245.91758
                   7.985                      -245.78307
                   7.992                      -245.64692
                   7.999                       -245.5097
                   8.006                      -245.37202
                   8.013                      -245.23457
                    8.02                      -245.09808
                   8.027                       -244.9633
                   8.034                      -244.83103
                   8.041                      -244.70207
                   8.048                      -244.57721
                   8.055                      -244.45724
                   8.062                      -244.34291
                   8.069                      -244.23495
                   8.076                      -244.13405
                   8.083                      -244.04086
                    8.09                      -243.95597
                   8.097                       -243.8799
                   8.104                      -243.81313
                   8.111                      -243.75607
                   8.118                      -243.70906
                   8.125                      -243.67237
                   8.132                       -243.6462
                   8.139                      -243.63066
                   8.146                      -243.62581
                   8.153                      -243.63159
                    8.16                      -243.64787
                   8.167                      -243.67443
                   8.174                      -243.71093
                   8.181                      -243.75697
                   8.188                      -243.81198
                   8.195                      -243.87533
                   8.202                      -243.94625
                   8.209                      -244.02385
                   8.216                      -244.10713
                   8.223                      -244.19498
                    8.23                      -244.28617
                   8.237                       -244.3794
                   8.244                      -244.47329
                   8.251                      -244.56642
                   8.258                      -244.65737
                   8.265                      -244.74474
                   8.272                      -244.82721
                   8.279                       -244.9036
                   8.286                       -244.9729
                   8.293                      -245.03432
                     8.3                      -245.08731
                   8.307                      -245.13162
                   8.314                       -245.1673
                   8.321                      -245.19469
                   8.328                      -245.21441
                   8.335                      -245.22733
                   8.342                      -245.23452
                   8.349                      -245.23723
                   8.356                      -245.23681
                   8.363                      -245.23468
                    8.37                      -245.23226
                   8.377                      -245.23092
                   8.384                      -245.23197
                   8.391                       -245.2366
                   8.398                      -245.24586
                   8.405                      -245.26063
                   8.412                       -245.2816
                   8.419                      -245.30927
                   8.426                       -245.3439
                   8.433                      -245.38554
                    8.44                      -245.43399
                   8.447                       -245.4888
                   8.454                      -245.54925
                   8.461                      -245.61436
                   8.468                      -245.68289
                   8.475                      -245.75333
                   8.482                      -245.82394
                   8.489                      -245.89275
                   8.496                      -245.95764
                   8.503                      -246.01637
                    8.51                      -246.06669
                   8.517                       -246.1064
                   8.524                       -246.1335
                   8.531                      -246.14627
                   8.538                      -246.14341
                   8.545                      -246.12407
                   8.552                        -246.088
                   8.559                       -246.0355
                   8.566                      -245.96745
                   8.573                      -245.88523
                    8.58                      -245.79068
                   8.587                      -245.68597
                   8.594                      -245.57351
                   8.601                      -245.45584
                   8.608                       -245.3355
                   8.615                      -245.21502
                   8.622                      -245.09679
                   8.629                      -244.98305
                   8.636                      -244.87584
                   8.643                      -244.77702
                    8.65                      -244.68822
                   8.657                      -244.61088
                   8.664                      -244.54626
                   8.671                       -244.4954
                   8.678                      -244.45919
                   8.685                      -244.43837
                   8.692                      -244.43352
                   8.699                      -244.44504
                   8.706                      -244.47324
                   8.713                      -244.51824
                    8.72                      -244.58002
                   8.727                       -244.6584
                   8.734                      -244.75299
                   8.741                      -244.86322
                   8.748                      -244.98826
                   8.755                      -245.12699
                   8.762                      -245.27799
                   8.769                      -245.43945
                   8.776                      -245.60916
                   8.783                      -245.78442
                    8.79                      -245.96207
                   8.797                      -246.13841
                   8.804                      -246.30927
                   8.811                       -246.4701
                   8.818                      -246.61607
                   8.825                       -246.7423
                   8.832                      -246.84415
                   8.839                      -246.91752
                   8.846                      -246.95921
                   8.853                      -246.96719
                    8.86                      -246.94082
                   8.867                      -246.88088
                   8.874                      -246.78951
                   8.881                      -246.67001
                   8.888                      -246.52651
                   8.895                      -246.36364
                   8.902                      -246.18626
                   8.909                      -245.99911
                   8.916                      -245.80667
                   8.923                      -245.61302
                    8.93                      -245.42175
                   8.937                      -245.23596
                   8.944                      -245.05827
                   8.951                      -244.89084
                   8.958                      -244.73546
                   8.965                      -244.59355
                   8.972                      -244.46626
                   8.979                      -244.35447
                   8.986                      -244.25886
                   8.993                      -244.17996
                       9                      -244.11814

