        Frequency / GHz                voltage1 [1]/abs,dB
----------------------------------------------------------------------
                       2                      -221.20455
                   2.007                      -221.18279
                   2.014                      -221.17013
                   2.021                      -221.16699
                   2.028                      -221.17371
                   2.035                      -221.19054
                   2.042                       -221.2176
                   2.049                      -221.25494
                   2.056                      -221.30249
                   2.063                      -221.36006
                    2.07                      -221.42733
                   2.077                      -221.50389
                   2.084                      -221.58914
                   2.091                      -221.68238
                   2.098                      -221.78274
                   2.105                      -221.88919
                   2.112                      -222.00057
                   2.119                      -222.11554
                   2.126                      -222.23262
                   2.133                      -222.35019
                    2.14                      -222.46654
                   2.147                      -222.57985
                   2.154                      -222.68829
                   2.161                      -222.79003
                   2.168                      -222.88335
                   2.175                      -222.96662
                   2.182                      -223.03849
                   2.189                      -223.09785
                   2.196                      -223.14395
                   2.203                       -223.1764
                    2.21                      -223.19521
                   2.217                      -223.20081
                   2.224                      -223.19399
                   2.231                      -223.17586
                   2.238                      -223.14782
                   2.245                      -223.11149
                   2.252                      -223.06862
                   2.259                      -223.02103
                   2.266                      -222.97056
                   2.273                      -222.91901
                    2.28                       -222.8681
                   2.287                      -222.81945
                   2.294                      -222.77454
                   2.301                       -222.7347
                   2.308                      -222.70111
                   2.315                       -222.6748
                   2.322                      -222.65664
                   2.329                      -222.64738
                   2.336                       -222.6476
                   2.343                      -222.65776
                    2.35                      -222.67819
                   2.357                      -222.70909
                   2.364                      -222.75056
                   2.371                      -222.80256
                   2.378                      -222.86496
                   2.385                       -222.9375
                   2.392                      -223.01981
                   2.399                      -223.11142
                   2.406                      -223.21172
                   2.413                      -223.32002
                    2.42                      -223.43548
                   2.427                      -223.55716
                   2.434                        -223.684
                   2.441                      -223.81487
                   2.448                       -223.9485
                   2.455                      -224.08358
                   2.462                      -224.21874
                   2.469                      -224.35257
                   2.476                       -224.4837
                   2.483                      -224.61079
                    2.49                      -224.73259
                   2.497                      -224.84803
                   2.504                      -224.95619
                   2.511                      -225.05639
                   2.518                      -225.14821
                   2.525                      -225.23153
                   2.532                      -225.30651
                   2.539                      -225.37361
                   2.546                      -225.43356
                   2.553                      -225.48735
                    2.56                      -225.53618
                   2.567                      -225.58144
                   2.574                      -225.62461
                   2.581                      -225.66729
                   2.588                      -225.71112
                   2.595                      -225.75774
                   2.602                      -225.80877
                   2.609                       -225.8658
                   2.616                      -225.93035
                   2.623                      -226.00389
                    2.63                      -226.08779
                   2.637                      -226.18337
                   2.644                      -226.29188
                   2.651                      -226.41451
                   2.658                      -226.55239
                   2.665                      -226.70661
                   2.672                      -226.87823
                   2.679                      -227.06828
                   2.686                      -227.27782
                   2.693                      -227.50787
                     2.7                      -227.75951
                   2.707                      -228.03384
                   2.714                      -228.33202
                   2.721                      -228.65526
                   2.728                      -229.00488
                   2.735                      -229.38228
                   2.742                      -229.78897
                   2.749                      -230.22662
                   2.756                        -230.697
                   2.763                      -231.20207
                    2.77                      -231.74388
                   2.777                      -232.32464
                   2.784                      -232.94658
                   2.791                      -233.61187
                   2.798                      -234.32237
                   2.805                      -235.07924
                   2.812                      -235.88224
                   2.819                      -236.72854
                   2.826                      -237.61083
                   2.833                       -238.5144
                    2.84                      -239.41316
                   2.847                      -240.26538
                   2.854                      -241.01223
                   2.861                      -241.58451
                   2.868                      -241.92228
                   2.875                      -242.00076
                   2.882                      -241.84352
                   2.889                      -241.51036
                   2.896                      -241.07143
                   2.903                      -240.58716
                    2.91                      -240.10093
                   2.917                      -239.64036
                   2.924                      -239.22148
                   2.931                      -238.85279
                   2.938                      -238.53818
                   2.945                      -238.27886
                   2.952                      -238.07458
                   2.959                      -237.92428
                   2.966                      -237.82644
                   2.973                      -237.77928
                    2.98                      -237.78076
                   2.987                      -237.82849
                   2.994                      -237.91955
                   3.001                       -238.0502
                   3.008                      -238.21552
                   3.015                      -238.40886
                   3.022                      -238.62126
                   3.029                      -238.84088
                   3.036                      -239.05242
                   3.043                       -239.2372
                    3.05                      -239.37392
                   3.057                      -239.44081
                   3.064                      -239.41886
                   3.071                      -239.29573
                   3.078                      -239.06861
                   3.085                      -238.74487
                   3.092                      -238.34009
                   3.099                      -237.87441
                   3.106                      -237.36886
                   3.113                      -236.84263
                    3.12                      -236.31167
                   3.127                      -235.78837
                   3.134                      -235.28182
                   3.141                      -234.79843
                   3.148                      -234.34248
                   3.155                      -233.91668
                   3.162                      -233.52262
                   3.169                      -233.16107
                   3.176                      -232.83227
                   3.183                      -232.53604
                    3.19                      -232.27195
                   3.197                      -232.03936
                   3.204                      -231.83754
                   3.211                      -231.66559
                   3.218                      -231.52257
                   3.225                      -231.40742
                   3.232                      -231.31898
                   3.239                      -231.25597
                   3.246                      -231.21697
                   3.253                       -231.2004
                    3.26                      -231.20446
                   3.267                      -231.22712
                   3.274                      -231.26609
                   3.281                      -231.31876
                   3.288                      -231.38225
                   3.295                      -231.45333
                   3.302                      -231.52849
                   3.309                      -231.60399
                   3.316                      -231.67597
                   3.323                      -231.74055
                    3.33                      -231.79404
                   3.337                      -231.83313
                   3.344                      -231.85511
                   3.351                      -231.85805
                   3.358                      -231.84098
                   3.365                      -231.80395
                   3.372                      -231.74803
                   3.379                      -231.67521
                   3.386                      -231.58826
                   3.393                      -231.49053
                     3.4                       -231.3857
                   3.407                      -231.27764
                   3.414                      -231.17017
                   3.421                      -231.06698
                   3.428                       -230.9715
                   3.435                       -230.8869
                   3.442                      -230.81601
                   3.449                      -230.76136
                   3.456                       -230.7252
                   3.463                       -230.7095
                    3.47                      -230.71602
                   3.477                      -230.74634
                   3.484                      -230.80189
                   3.491                      -230.88397
                   3.498                      -230.99383
                   3.505                      -231.13265
                   3.512                      -231.30159
                   3.519                      -231.50182
                   3.526                      -231.73455
                   3.533                      -232.00104
                    3.54                      -232.30259
                   3.547                      -232.64062
                   3.554                      -233.01663
                   3.561                      -233.43224
                   3.568                      -233.88916
                   3.575                      -234.38918
                   3.582                      -234.93411
                   3.589                      -235.52571
                   3.596                      -236.16546
                   3.603                      -236.85432
                    3.61                      -237.59214
                   3.617                      -238.37684
                   3.624                      -239.20299
                   3.631                      -240.05969
                   3.638                      -240.92752
                   3.645                      -241.77493
                   3.652                      -242.55555
                   3.659                      -243.20988
                   3.666                      -243.67623
                   3.673                      -243.91097
                    3.68                       -243.9079
                   3.687                        -243.701
                   3.694                      -243.34809
                   3.701                      -242.90928
                   3.708                       -242.4333
                   3.715                       -241.9538
                   3.722                      -241.49127
                   3.729                      -241.05668
                   3.736                      -240.65471
                   3.743                      -240.28611
                    3.75                      -239.94934
                   3.757                      -239.64152
                   3.764                      -239.35914
                   3.771                      -239.09845
                   3.778                      -238.85572
                   3.785                      -238.62746
                   3.792                      -238.41055
                   3.799                      -238.20229
                   3.806                      -238.00053
                   3.813                      -237.80364
                    3.82                      -237.61052
                   3.827                      -237.42056
                   3.834                       -237.2336
                   3.841                      -237.04983
                   3.848                      -236.86971
                   3.855                      -236.69388
                   3.862                      -236.52304
                   3.869                      -236.35788
                   3.876                        -236.199
                   3.883                      -236.04686
                    3.89                       -235.9017
                   3.897                       -235.7635
                   3.904                      -235.63201
                   3.911                      -235.50666
                   3.918                      -235.38661
                   3.925                      -235.27075
                   3.932                      -235.15772
                   3.939                      -235.04598
                   3.946                      -234.93379
                   3.953                      -234.81938
                    3.96                      -234.70094
                   3.967                      -234.57677
                   3.974                      -234.44534
                   3.981                      -234.30537
                   3.988                      -234.15596
                   3.995                       -233.9966
                   4.002                       -233.8272
                   4.009                      -233.64815
                   4.016                      -233.46022
                   4.023                      -233.26458
                    4.03                      -233.06271
                   4.037                       -232.8563
                   4.044                      -232.64719
                   4.051                       -232.4373
                   4.058                      -232.22851
                   4.065                      -232.02267
                   4.072                       -231.8215
                   4.079                      -231.62658
                   4.086                      -231.43933
                   4.093                      -231.26098
                     4.1                      -231.09259
                   4.107                      -230.93506
                   4.114                      -230.78909
                   4.121                      -230.65525
                   4.128                      -230.53396
                   4.135                      -230.42551
                   4.142                      -230.33008
                   4.149                      -230.24773
                   4.156                      -230.17844
                   4.163                      -230.12213
                    4.17                      -230.07863
                   4.177                      -230.04775
                   4.184                      -230.02925
                   4.191                      -230.02287
                   4.198                      -230.02832
                   4.205                      -230.04535
                   4.212                      -230.07371
                   4.219                      -230.11316
                   4.226                      -230.16356
                   4.233                      -230.22477
                    4.24                      -230.29675
                   4.247                      -230.37956
                   4.254                      -230.47334
                   4.261                      -230.57834
                   4.268                      -230.69493
                   4.275                      -230.82362
                   4.282                      -230.96506
                   4.289                      -231.12004
                   4.296                      -231.28948
                   4.303                       -231.4745
                    4.31                      -231.67636
                   4.317                      -231.89648
                   4.324                      -232.13648
                   4.331                      -232.39813
                   4.338                      -232.68342
                   4.345                      -232.99452
                   4.352                      -233.33382
                   4.359                      -233.70389
                   4.366                      -234.10752
                   4.373                      -234.54769
                    4.38                      -235.02749
                   4.387                      -235.55002
                   4.394                      -236.11817
                   4.401                      -236.73417
                   4.408                      -237.39886
                   4.415                      -238.11032
                   4.422                      -238.86157
                   4.429                      -239.63683
                   4.436                      -240.40619
                   4.443                      -241.11953
                    4.45                      -241.70403
                   4.457                      -242.07411
                   4.464                      -242.16031
                   4.471                      -241.94468
                   4.478                      -241.47163
                   4.485                      -240.82277
                   4.492                      -240.08105
                   4.499                      -239.31019
                   4.506                       -238.5514
                   4.513                      -237.82823
                    4.52                       -237.1526
                   4.527                       -236.5295
                   4.534                         -235.96
                   4.541                       -235.4431
                   4.548                      -234.97678
                   4.555                      -234.55857
                   4.562                       -234.1859
                   4.569                      -233.85625
                   4.576                      -233.56718
                   4.583                      -233.31644
                    4.59                      -233.10187
                   4.597                      -232.92147
                   4.604                       -232.7733
                   4.611                      -232.65549
                   4.618                      -232.56618
                   4.625                       -232.5035
                   4.632                       -232.4655
                   4.639                      -232.45014
                   4.646                       -232.4552
                   4.653                      -232.47831
                    4.66                      -232.51682
                   4.667                      -232.56785
                   4.674                      -232.62822
                   4.681                      -232.69445
                   4.688                      -232.76283
                   4.695                      -232.82942
                   4.702                      -232.89018
                   4.709                       -232.9411
                   4.716                      -232.97837
                   4.723                      -232.99859
                    4.73                      -232.99897
                   4.737                       -232.9775
                   4.744                      -232.93311
                   4.751                      -232.86573
                   4.758                      -232.77625
                   4.765                      -232.66644
                   4.772                       -232.5388
                   4.779                      -232.39632
                   4.786                      -232.24231
                   4.793                      -232.08017
                     4.8                      -231.91324
                   4.807                      -231.74467
                   4.814                      -231.57732
                   4.821                       -231.4137
                   4.828                      -231.25598
                   4.835                      -231.10598
                   4.842                      -230.96513
                   4.849                      -230.83459
                   4.856                      -230.71519
                   4.863                      -230.60751
                    4.87                      -230.51189
                   4.877                      -230.42846
                   4.884                      -230.35718
                   4.891                      -230.29784
                   4.898                      -230.25008
                   4.905                      -230.21343
                   4.912                      -230.18731
                   4.919                      -230.17105
                   4.926                      -230.16391
                   4.933                      -230.16507
                    4.94                      -230.17369
                   4.947                       -230.1889
                   4.954                       -230.2098
                   4.961                      -230.23551
                   4.968                      -230.26518
                   4.975                      -230.29797
                   4.982                      -230.33312
                   4.989                      -230.36993
                   4.996                      -230.40776
                   5.003                      -230.44609
                    5.01                      -230.48445
                   5.017                      -230.52247
                   5.024                      -230.55989
                   5.031                      -230.59648
                   5.038                       -230.6321
                   5.045                      -230.66665
                   5.052                      -230.70006
                   5.059                      -230.73226
                   5.066                      -230.76317
                   5.073                      -230.79269
                    5.08                      -230.82067
                   5.087                       -230.8469
                   5.094                      -230.87111
                   5.101                      -230.89296
                   5.108                      -230.91204
                   5.115                      -230.92788
                   5.122                      -230.93996
                   5.129                      -230.94775
                   5.136                       -230.9507
                   5.143                      -230.94829
                    5.15                      -230.94005
                   5.157                       -230.9256
                   5.164                      -230.90466
                   5.171                      -230.87708
                   5.178                      -230.84284
                   5.185                      -230.80211
                   5.192                      -230.75519
                   5.199                      -230.70252
                   5.206                      -230.64468
                   5.213                      -230.58234
                    5.22                      -230.51625
                   5.227                       -230.4472
                   5.234                      -230.37599
                   5.241                      -230.30339
                   5.248                      -230.23011
                   5.255                      -230.15676
                   5.262                      -230.08386
                   5.269                      -230.01178
                   5.276                      -229.94077
                   5.283                       -229.8709
                    5.29                      -229.80212
                   5.297                       -229.7342
                   5.304                      -229.66679
                   5.311                      -229.59942
                   5.318                      -229.53151
                   5.325                      -229.46243
                   5.332                      -229.39149
                   5.339                      -229.31803
                   5.346                       -229.2414
                   5.353                      -229.16107
                    5.36                      -229.07661
                   5.367                      -228.98775
                   5.374                      -228.89441
                   5.381                      -228.79669
                   5.388                      -228.69494
                   5.395                       -228.5897
                   5.402                       -228.4817
                   5.409                      -228.37187
                   5.416                      -228.26127
                   5.423                       -228.1511
                    5.43                      -228.04262
                   5.437                      -227.93716
                   5.444                      -227.83604
                   5.451                      -227.74058
                   5.458                      -227.65203
                   5.465                      -227.57158
                   5.472                      -227.50033
                   5.479                      -227.43928
                   5.486                      -227.38926
                   5.493                      -227.35101
                     5.5                       -227.3251
                   5.507                      -227.31192
                   5.514                       -227.3117
                   5.521                      -227.32449
                   5.528                       -227.3501
                   5.535                      -227.38813
                   5.542                      -227.43793
                   5.549                      -227.49859
                   5.556                      -227.56889
                   5.563                       -227.6473
                    5.57                      -227.73197
                   5.577                      -227.82071
                   5.584                      -227.91101
                   5.591                      -228.00005
                   5.598                      -228.08477
                   5.605                      -228.16195
                   5.612                      -228.22832
                   5.619                      -228.28073
                   5.626                       -228.3163
                   5.633                      -228.33262
                    5.64                      -228.32789
                   5.647                      -228.30108
                   5.654                      -228.25199
                   5.661                      -228.18127
                   5.668                      -228.09035
                   5.675                      -227.98136
                   5.682                      -227.85693
                   5.689                         -227.72
                   5.696                      -227.57371
                   5.703                      -227.42118
                    5.71                       -227.2654
                   5.717                      -227.10913
                   5.724                      -226.95486
                   5.731                      -226.80473
                   5.738                      -226.66055
                   5.745                      -226.52381
                   5.752                      -226.39565
                   5.759                      -226.27693
                   5.766                      -226.16822
                   5.773                      -226.06987
                    5.78                      -225.98197
                   5.787                      -225.90444
                   5.794                      -225.83701
                   5.801                      -225.77926
                   5.808                      -225.73067
                   5.815                      -225.69057
                   5.822                      -225.65824
                   5.829                       -225.6329
                   5.836                      -225.61372
                   5.843                      -225.59989
                    5.85                      -225.59058
                   5.857                      -225.58502
                   5.864                      -225.58251
                   5.871                      -225.58243
                   5.878                      -225.58427
                   5.885                      -225.58765
                   5.892                      -225.59233
                   5.899                       -225.5982
                   5.906                       -225.6053
                   5.913                      -225.61383
                    5.92                       -225.6241
                   5.927                      -225.63653
                   5.934                      -225.65164
                   5.941                      -225.67004
                   5.948                      -225.69237
                   5.955                      -225.71928
                   5.962                      -225.75143
                   5.969                      -225.78945
                   5.976                      -225.83392
                   5.983                      -225.88531
                    5.99                      -225.94404
                   5.997                      -226.01037
                   6.004                      -226.08443
                   6.011                      -226.16621
                   6.018                      -226.25551
                   6.025                      -226.35196
                   6.032                      -226.45499
                   6.039                      -226.56383
                   6.046                       -226.6775
                   6.053                      -226.79483
                    6.06                      -226.91444
                   6.067                      -227.03479
                   6.074                       -227.1542
                   6.081                      -227.27088
                   6.088                        -227.383
                   6.095                      -227.48876
                   6.102                      -227.58644
                   6.109                      -227.67451
                   6.116                       -227.7517
                   6.123                      -227.81704
                    6.13                      -227.86998
                   6.137                      -227.91034
                   6.144                      -227.93837
                   6.151                      -227.95474
                   6.158                      -227.96045
                   6.165                       -227.9568
                   6.172                      -227.94529
                   6.179                      -227.92757
                   6.186                      -227.90532
                   6.193                      -227.88023
                     6.2                      -227.85385
                   6.207                      -227.82761
                   6.214                      -227.80277
                   6.221                      -227.78036
                   6.228                      -227.76118
                   6.235                       -227.7458
                   6.242                      -227.73455
                   6.249                      -227.72752
                   6.256                       -227.7246
                   6.263                      -227.72546
                    6.27                      -227.72961
                   6.277                       -227.7364
                   6.284                      -227.74506
                   6.291                      -227.75471
                   6.298                      -227.76446
                   6.305                      -227.77339
                   6.312                      -227.78061
                   6.319                      -227.78531
                   6.326                      -227.78678
                   6.333                      -227.78446
                    6.34                      -227.77797
                   6.347                      -227.76708
                   6.354                      -227.75179
                   6.361                      -227.73227
                   6.368                      -227.70886
                   6.375                      -227.68205
                   6.382                      -227.65246
                   6.389                       -227.6208
                   6.396                      -227.58781
                   6.403                      -227.55425
                    6.41                      -227.52087
                   6.417                      -227.48836
                   6.424                      -227.45731
                   6.431                      -227.42823
                   6.438                      -227.40149
                   6.445                      -227.37733
                   6.452                      -227.35586
                   6.459                      -227.33705
                   6.466                      -227.32072
                   6.473                      -227.30659
                    6.48                      -227.29424
                   6.487                      -227.28321
                   6.494                      -227.27291
                   6.501                      -227.26277
                   6.508                      -227.25218
                   6.515                      -227.24057
                   6.522                      -227.22741
                   6.529                      -227.21226
                   6.536                      -227.19483
                   6.543                      -227.17491
                    6.55                      -227.15249
                   6.557                      -227.12772
                   6.564                       -227.1009
                   6.571                      -227.07251
                   6.578                      -227.04318
                   6.585                      -227.01367
                   6.592                      -226.98484
                   6.599                      -226.95765
                   6.606                      -226.93311
                   6.613                      -226.91226
                    6.62                      -226.89613
                   6.627                      -226.88574
                   6.634                      -226.88206
                   6.641                      -226.88601
                   6.648                      -226.89841
                   6.655                      -226.92001
                   6.662                      -226.95143
                   6.669                       -226.9932
                   6.676                      -227.04572
                   6.683                      -227.10926
                    6.69                      -227.18396
                   6.697                      -227.26982
                   6.704                      -227.36667
                   6.711                      -227.47423
                   6.718                      -227.59201
                   6.725                      -227.71939
                   6.732                      -227.85557
                   6.739                      -227.99958
                   6.746                      -228.15028
                   6.753                      -228.30637
                    6.76                      -228.46639
                   6.767                      -228.62875
                   6.774                      -228.79178
                   6.781                      -228.95372
                   6.788                       -229.1128
                   6.795                      -229.26728
                   6.802                      -229.41554
                   6.809                      -229.55611
                   6.816                      -229.68773
                   6.823                      -229.80945
                    6.83                      -229.92063
                   6.837                      -230.02098
                   6.844                      -230.11055
                   6.851                      -230.18974
                   6.858                      -230.25925
                   6.865                      -230.32003
                   6.872                      -230.37321
                   6.879                      -230.42005
                   6.886                      -230.46185
                   6.893                      -230.49992
                     6.9                       -230.5355
                   6.907                       -230.5697
                   6.914                       -230.6035
                   6.921                      -230.63772
                   6.928                      -230.67297
                   6.935                      -230.70969
                   6.942                      -230.74813
                   6.949                      -230.78835
                   6.956                      -230.83027
                   6.963                      -230.87362
                    6.97                      -230.91807
                   6.977                      -230.96316
                   6.984                      -231.00835
                   6.991                      -231.05311
                   6.998                      -231.09687
                   7.005                      -231.13909
                   7.012                      -231.17927
                   7.019                        -231.217
                   7.026                      -231.25194
                   7.033                      -231.28386
                    7.04                      -231.31262
                   7.047                       -231.3382
                   7.054                      -231.36066
                   7.061                      -231.38015
                   7.068                      -231.39688
                   7.075                      -231.41112
                   7.082                      -231.42315
                   7.089                      -231.43325
                   7.096                      -231.44171
                   7.103                      -231.44876
                    7.11                       -231.4546
                   7.117                      -231.45936
                   7.124                      -231.46314
                   7.131                      -231.46594
                   7.138                      -231.46775
                   7.145                      -231.46848
                   7.152                      -231.46803
                   7.159                      -231.46629
                   7.166                      -231.46314
                   7.173                       -231.4585
                    7.18                      -231.45232
                   7.187                      -231.44462
                   7.194                       -231.4355
                   7.201                      -231.42515
                   7.208                      -231.41385
                   7.215                      -231.40199
                   7.222                      -231.39004
                   7.229                      -231.37859
                   7.236                      -231.36829
                   7.243                      -231.35986
                    7.25                      -231.35407
                   7.257                      -231.35171
                   7.264                      -231.35361
                   7.271                      -231.36055
                   7.278                      -231.37332
                   7.285                      -231.39265
                   7.292                      -231.41919
                   7.299                      -231.45356
                   7.306                      -231.49624
                   7.313                      -231.54764
                    7.32                      -231.60806
                   7.327                      -231.67767
                   7.334                      -231.75652
                   7.341                      -231.84453
                   7.348                      -231.94149
                   7.355                      -232.04705
                   7.362                      -232.16072
                   7.369                      -232.28187
                   7.376                      -232.40976
                   7.383                      -232.54353
                    7.39                       -232.6822
                   7.397                      -232.82473
                   7.404                         -232.97
                   7.411                      -233.11689
                   7.418                      -233.26425
                   7.425                      -233.41102
                   7.432                       -233.5562
                   7.439                      -233.69892
                   7.446                      -233.83849
                   7.453                      -233.97439
                    7.46                      -234.10632
                   7.467                      -234.23421
                   7.474                      -234.35821
                   7.481                      -234.47864
                   7.488                      -234.59602
                   7.495                      -234.71098
                   7.502                      -234.82424
                   7.509                      -234.93651
                   7.516                       -235.0485
                   7.523                      -235.16081
                    7.53                      -235.27388
                   7.537                      -235.38797
                   7.544                      -235.50308
                   7.551                      -235.61893
                   7.558                      -235.73494
                   7.565                       -235.8502
                   7.572                      -235.96351
                   7.579                      -236.07336
                   7.586                        -236.178
                   7.593                      -236.27549
                     7.6                      -236.36384
                   7.607                      -236.44105
                   7.614                      -236.50533
                   7.621                      -236.55514
                   7.628                      -236.58943
                   7.635                      -236.60763
                   7.642                      -236.60982
                   7.649                       -236.5967
                   7.656                       -236.5696
                   7.663                      -236.53037
                    7.67                      -236.48135
                   7.677                      -236.42516
                   7.684                      -236.36466
                   7.691                      -236.30274
                   7.698                      -236.24228
                   7.705                      -236.18602
                   7.712                      -236.13651
                   7.719                      -236.09605
                   7.726                      -236.06667
                   7.733                      -236.05012
                    7.74                      -236.04784
                   7.747                      -236.06098
                   7.754                       -236.0904
                   7.761                      -236.13665
                   7.768                      -236.19999
                   7.775                      -236.28035
                   7.782                      -236.37735
                   7.789                      -236.49028
                   7.796                      -236.61805
                   7.803                      -236.75916
                    7.81                      -236.91174
                   7.817                      -237.07343
                   7.824                      -237.24144
                   7.831                      -237.41254
                   7.838                      -237.58309
                   7.845                      -237.74911
                   7.852                       -237.9064
                   7.859                      -238.05075
                   7.866                      -238.17809
                   7.873                       -238.2848
                    7.88                       -238.3679
                   7.887                      -238.42531
                   7.894                        -238.456
                   7.901                      -238.46002
                   7.908                      -238.43846
                   7.915                      -238.39331
                   7.922                      -238.32723
                   7.929                      -238.24331
                   7.936                      -238.14482
                   7.943                      -238.03495
                    7.95                      -237.91666
                   7.957                      -237.79253
                   7.964                      -237.66471
                   7.971                      -237.53487
                   7.978                      -237.40417
                   7.985                      -237.27337
                   7.992                      -237.14281
                   7.999                      -237.01248
                   8.006                      -236.88215
                   8.013                      -236.75136
                    8.02                      -236.61958
                   8.027                       -236.4862
                   8.034                      -236.35069
                   8.041                      -236.21259
                   8.048                       -236.0716
                   8.055                      -235.92761
                   8.062                       -235.7807
                   8.069                       -235.6312
                   8.076                      -235.47964
                   8.083                      -235.32675
                    8.09                      -235.17341
                   8.097                      -235.02065
                   8.104                      -234.86958
                   8.111                      -234.72135
                   8.118                      -234.57714
                   8.125                      -234.43807
                   8.132                      -234.30522
                   8.139                      -234.17957
                   8.146                      -234.06202
                   8.153                      -233.95332
                    8.16                      -233.85409
                   8.167                      -233.76482
                   8.174                      -233.68582
                   8.181                      -233.61729
                   8.188                      -233.55926
                   8.195                      -233.51161
                   8.202                      -233.47406
                   8.209                       -233.4462
                   8.216                      -233.42748
                   8.223                       -233.4172
                    8.23                      -233.41455
                   8.237                      -233.41859
                   8.244                      -233.42829
                   8.251                      -233.44254
                   8.258                      -233.46018
                   8.265                      -233.47999
                   8.272                      -233.50078
                   8.279                      -233.52139
                   8.286                      -233.54071
                   8.293                      -233.55776
                     8.3                      -233.57169
                   8.307                      -233.58181
                   8.314                      -233.58765
                   8.321                      -233.58892
                   8.328                      -233.58556
                   8.335                      -233.57771
                   8.342                      -233.56571
                   8.349                      -233.55005
                   8.356                      -233.53139
                   8.363                      -233.51045
                    8.37                      -233.48804
                   8.377                      -233.46499
                   8.384                      -233.44211
                   8.391                      -233.42014
                   8.398                      -233.39977
                   8.405                      -233.38158
                   8.412                        -233.366
                   8.419                      -233.35334
                   8.426                      -233.34374
                   8.433                       -233.3372
                    8.44                      -233.33354
                   8.447                      -233.33243
                   8.454                      -233.33339
                   8.461                       -233.3358
                   8.468                      -233.33895
                   8.475                        -233.342
                   8.482                      -233.34406
                   8.489                       -233.3442
                   8.496                      -233.34152
                   8.503                      -233.33513
                    8.51                      -233.32423
                   8.517                      -233.30814
                   8.524                      -233.28633
                   8.531                      -233.25847
                   8.538                       -233.2244
                   8.545                      -233.18418
                   8.552                      -233.13809
                   8.559                      -233.08659
                   8.566                      -233.03036
                   8.573                      -232.97019
                    8.58                      -232.90703
                   8.587                      -232.84191
                   8.594                       -232.7759
                   8.601                      -232.71013
                   8.608                       -232.6457
                   8.615                      -232.58367
                   8.622                      -232.52505
                   8.629                      -232.47079
                   8.636                      -232.42174
                   8.643                      -232.37864
                    8.65                      -232.34216
                   8.657                      -232.31283
                   8.664                      -232.29108
                   8.671                      -232.27724
                   8.678                      -232.27154
                   8.685                      -232.27407
                   8.692                      -232.28485
                   8.699                      -232.30378
                   8.706                      -232.33069
                   8.713                      -232.36529
                    8.72                       -232.4072
                   8.727                      -232.45596
                   8.734                      -232.51104
                   8.741                      -232.57181
                   8.748                      -232.63759
                   8.755                      -232.70761
                   8.762                      -232.78105
                   8.769                      -232.85705
                   8.776                      -232.93472
                   8.783                      -233.01312
                    8.79                      -233.09131
                   8.797                      -233.16838
                   8.804                      -233.24341
                   8.811                      -233.31553
                   8.818                      -233.38396
                   8.825                      -233.44797
                   8.832                      -233.50692
                   8.839                       -233.5603
                   8.846                      -233.60772
                   8.853                       -233.6489
                    8.86                      -233.68371
                   8.867                      -233.71214
                   8.874                      -233.73433
                   8.881                      -233.75052
                   8.888                      -233.76107
                   8.895                      -233.76642
                   8.902                      -233.76711
                   8.909                      -233.76373
                   8.916                      -233.75693
                   8.923                      -233.74737
                    8.93                      -233.73573
                   8.937                      -233.72272
                   8.944                      -233.70899
                   8.951                      -233.69521
                   8.958                      -233.68199
                   8.965                      -233.66992
                   8.972                      -233.65953
                   8.979                      -233.65131
                   8.986                      -233.64569
                   8.993                      -233.64304
                       9                      -233.64367

