#Parameters = {t_muscle=20; t_fat=10; height_plate=120; width_plate=120; t_skin=2; d_antenna=50}
#"Frequency / GHz"	"S1,1 [Magnitude / dB]"
#-----------------------------------------
2.0000000000000	-3.4576473433121
2.0069999694824	-3.4321117307237
2.0139999389648	-3.4068538397618
2.0209999084473	-3.3818773681119
2.0280001163483	-3.3571759301647
2.0350000858307	-3.3327509810014
2.0420000553131	-3.3086005428837
2.0490000247955	-3.2847216910887
2.0559999942780	-3.2611134566297
2.0629999637604	-3.2377743167235
2.0699999332428	-3.2147026981825
2.0769999027252	-3.1918960084402
2.0840001106262	-3.1693521388320
2.0910000801086	-3.1470693564673
2.0980000495911	-3.1250463865197
2.1050000190735	-3.1032795480895
2.1119999885559	-3.0817690242407
2.1189999580383	-3.0605112893597
2.1259999275208	-3.0395047062997
2.1329998970032	-3.0187461824857
2.1400001049042	-2.9982337147616
2.1470000743866	-2.9779661816567
2.1540000438690	-2.9579417255852
2.1610000133514	-2.9381573216189
2.1679999828339	-2.9186111064544
2.1749999523163	-2.8993008895060
2.1819999217987	-2.8802227915081
2.1889998912811	-2.8613765980861
2.1960000991821	-2.8427601902966
2.2030000686646	-2.8243713586910
2.2100000381470	-2.8062064680082
2.2170000076294	-2.7882650362599
2.2239999771118	-2.7705443465158
2.2309999465942	-2.7530412062155
2.2379999160767	-2.7357543325400
2.2449998855591	-2.7186809236602
2.2520000934601	-2.7018210567350
2.2590000629425	-2.6851695049192
2.2660000324249	-2.6687268483062
2.2730000019073	-2.6524885943199
2.2799999713898	-2.6364544623098
2.2869999408722	-2.6206205127075
2.2939999103546	-2.6049868994633
2.3010001182556	-2.5895514931274
2.3080000877380	-2.5743087563265
2.3150000572205	-2.5592609556726
2.3220000267029	-2.5444033618297
2.3289999961853	-2.5297349933383
2.3359999656677	-2.5152538897691
2.3429999351501	-2.5009579670775
2.3499999046326	-2.4868448621394
2.3570001125336	-2.4729143122511
2.3640000820160	-2.4591622955420
2.3710000514984	-2.4455880569654
2.3780000209808	-2.4321901352470
2.3849999904633	-2.4189653372834
2.3919999599457	-2.4059126765725
2.3989999294281	-2.3930306162228
2.4059998989105	-2.3803165131049
2.4130001068115	-2.3677688344504
2.4200000762939	-2.3553865278840
2.4270000457764	-2.3431676752940
2.4340000152588	-2.3311094233957
2.4409999847412	-2.3192120362012
2.4479999542236	-2.3074736945188
2.4549999237061	-2.2958897332875
2.4619998931885	-2.2844618900276
2.4690001010895	-2.2731872850663
2.4760000705719	-2.2620640585522
2.4830000400543	-2.2510909090304
2.4900000095367	-2.2402666160563
2.4969999790192	-2.2295893448354
2.5039999485016	-2.2190578874300
2.5109999179840	-2.2086699469024
2.5179998874664	-2.1984250172747
2.5250000953674	-2.1883200480988
2.5320000648499	-2.1783560045273
2.5390000343323	-2.1685302787822
2.5460000038147	-2.1588406953917
2.5529999732971	-2.1492862743192
2.5599999427795	-2.1398662431302
2.5669999122620	-2.1305794139929
2.5739998817444	-2.1214232945496
2.5810000896454	-2.1123985401746
2.5880000591278	-2.1035021578345
2.5950000286102	-2.0947319421042
2.6019999980927	-2.0860885034587
2.6089999675751	-2.0775706098089
2.6159999370575	-2.0691761530805
2.6229999065399	-2.0609035893020
2.6300001144409	-2.0527537553222
2.6370000839233	-2.0447230807608
2.6440000534058	-2.0368100200234
2.6510000228882	-2.0290157245096
2.6579999923706	-2.0213395575928
2.6649999618530	-2.0137777518334
2.6719999313354	-2.0063295559646
2.6789999008179	-1.9989951524097
2.6860001087189	-1.9917726219598
2.6930000782013	-1.9846610267006
2.7000000476837	-1.9776597676037
2.7070000171661	-1.9707658881060
2.7139999866486	-1.9639818067694
2.7209999561310	-1.9573038712664
2.7279999256134	-1.9507306752923
2.7349998950958	-1.9442636750832
2.7420001029968	-1.9378997924562
2.7490000724792	-1.9316400674558
2.7560000419617	-1.9254811595041
2.7630000114441	-1.9194222193619
2.7699999809265	-1.9134644607044
2.7769999504089	-1.9076053427849
2.7839999198914	-1.9018432370674
2.7909998893738	-1.8961798322254
2.7980000972748	-1.8906123970957
2.8050000667572	-1.8851401335055
2.8120000362396	-1.8797615178695
2.8190000057220	-1.8744763075523
2.8259999752045	-1.8692863576025
2.8329999446869	-1.8641855292673
2.8399999141693	-1.8591777264521
2.8469998836517	-1.8542593883239
2.8540000915527	-1.8494310435189
2.8610000610352	-1.8446902265775
2.8680000305176	-1.8400378693824
2.8750000000000	-1.8354724977885
2.8819999694824	-1.8309945616640
2.8889999389648	-1.8266015875657
2.8959999084473	-1.8222932518124
2.9030001163483	-1.8180686821982
2.9100000858307	-1.8139279603253
2.9170000553131	-1.8098694250433
2.9240000247955	-1.8058924013057
2.9309999942780	-1.8019978781054
2.9379999637604	-1.7981823599479
2.9449999332428	-1.7944482783534
2.9519999027252	-1.7907934367391
2.9590001106262	-1.7872178626160
2.9660000801086	-1.7837189365617
2.9730000495911	-1.7802976756942
2.9800000190735	-1.7769538911687
2.9869999885559	-1.7736845846740
2.9939999580383	-1.7704919528221
3.0009999275208	-1.7673746259906
3.0079998970032	-1.7643320095373
3.0150001049042	-1.7613627302957
3.0220000743866	-1.7584676795883
3.0290000438690	-1.7556446801035
3.0360000133514	-1.7528937075677
3.0429999828339	-1.7502148013714
3.0499999523163	-1.7476082343281
3.0569999217987	-1.7450711930597
3.0639998912811	-1.7426054840989
3.0710000991821	-1.7402088895583
3.0780000686646	-1.7378814416544
3.0850000381470	-1.7356248784483
3.0920000076294	-1.7334348992346
3.0989999771118	-1.7313148927380
3.1059999465942	-1.7292612274190
3.1129999160767	-1.7272763909446
3.1199998855591	-1.7253569495454
3.1270000934601	-1.7235057371086
3.1340000629425	-1.7217200105852
3.1410000324249	-1.7200007229793
3.1480000019073	-1.7183462901261
3.1549999713898	-1.7167586513534
3.1619999408722	-1.7152347437569
3.1689999103546	-1.7137769500993
3.1760001182556	-1.7123825464349
3.1830000877380	-1.7110531619166
3.1900000572205	-1.7097863459144
3.1970000267029	-1.7085849753529
3.2039999961853	-1.7074453629263
3.2109999656677	-1.7063705531733
3.2179999351501	-1.7053581484718
3.2249999046326	-1.7044079439782
3.2320001125336	-1.7035208868226
3.2390000820160	-1.7026963827310
3.2460000514984	-1.7019348613977
3.2530000209808	-1.7012343329571
3.2599999904633	-1.7005974416091
3.2669999599457	-1.7000209631521
3.2739999294281	-1.6995055531346
3.2809998989105	-1.6990524130202
3.2880001068115	-1.6986622763414
3.2950000762939	-1.6983315689288
3.3020000457764	-1.6980627252903
3.3090000152588	-1.6978560959913
3.3159999847412	-1.6977088454910
3.3229999542236	-1.6976227388250
3.3299999237061	-1.6975983280076
3.3369998931885	-1.6976346409202
3.3440001010895	-1.6977321693177
3.3510000705719	-1.6978900997697
3.3580000400543	-1.6981102482909
3.3650000095367	-1.6983892566471
3.3719999790192	-1.6987308175131
3.3789999485016	-1.6991317872017
3.3859999179840	-1.6995939760894
3.3929998874664	-1.7001180263780
3.4000000953674	-1.7007005382839
3.4070000648499	-1.7013456887810
3.4140000343323	-1.7020513163857
3.4210000038147	-1.7028172407263
3.4279999732971	-1.7036460061660
3.4349999427795	-1.7045337746145
3.4419999122620	-1.7054827201299
3.4489998817444	-1.7064935217483
3.4560000896454	-1.7075644515369
3.4630000591278	-1.7086970514187
3.4700000286102	-1.7098896261827
3.4769999980927	-1.7111442052024
3.4839999675751	-1.7124602056113
3.4909999370575	-1.7138364872215
3.4979999065399	-1.7152756589269
3.5050001144409	-1.7167750160621
3.5120000839233	-1.7183359568185
3.5190000534058	-1.7199574457381
3.5260000228882	-1.7216415464241
3.5329999923706	-1.7233859220614
3.5399999618530	-1.7251934259277
3.5469999313354	-1.7270610296754
3.5539999008179	-1.7289914998617
3.5610001087189	-1.7309832342471
3.5680000782013	-1.7330365550052
3.5750000476837	-1.7351506467242
3.5820000171661	-1.7373275314322
3.5889999866486	-1.7395660281714
3.5959999561310	-1.7418656172998
3.6029999256134	-1.7442271926094
3.6099998950958	-1.7466508268313
3.6170001029968	-1.7491353217289
3.6240000724792	-1.7516816620572
3.6310000419617	-1.7542894305345
3.6380000114441	-1.7569589168306
3.6449999809265	-1.7596900011247
3.6519999504089	-1.7624821305565
3.6589999198914	-1.7653360060649
3.6659998893738	-1.7682507774223
3.6730000972748	-1.7712266725543
3.6800000667572	-1.7742644851207
3.6870000362396	-1.7773626318734
3.6940000057220	-1.7805208441145
3.7009999752045	-1.7837406010808
3.7079999446869	-1.7870208026614
3.7149999141693	-1.7903614015968
3.7219998836517	-1.7937617937744
3.7290000915527	-1.7972219806640
3.7360000610352	-1.8007413577017
3.7430000305176	-1.8043204997012
3.7500000000000	-1.8079601961846
3.7569999694824	-1.8116576887996
3.7639999389648	-1.8154145046891
3.7709999084473	-1.8192285830121
3.7780001163483	-1.8231008631202
3.7850000858307	-1.8270314741713
3.7920000553131	-1.8310191739097
3.7990000247955	-1.8350645020700
3.8059999942780	-1.8391660959177
3.8129999637604	-1.8433228672960
3.8199999332428	-1.8475368057001
3.8269999027252	-1.8518047162055
3.8340001106262	-1.8561288349329
3.8410000801086	-1.8605074141518
3.8480000495911	-1.8649394722152
3.8550000190735	-1.8694250320428
3.8619999885559	-1.8739624347405
3.8689999580383	-1.8785527267685
3.8759999275208	-1.8831947749139
3.8829998970032	-1.8878885927416
3.8900001049042	-1.8926313543367
3.8970000743866	-1.8974259044395
3.9040000438690	-1.9022680460643
3.9110000133514	-1.9071588332550
3.9179999828339	-1.9120972477117
3.9249999523163	-1.9170827307169
3.9319999217987	-1.9221142552873
3.9389998912811	-1.9271923961835
3.9460000991821	-1.9323132055464
3.9530000686646	-1.9374781259249
3.9600000381470	-1.9426865518893
3.9670000076294	-1.9479369313881
3.9739999771118	-1.9532280495119
3.9809999465942	-1.9585601303007
3.9879999160767	-1.9639293646588
3.9949998855591	-1.9693391030915
4.0019998550415	-1.9747845867573
4.0089998245239	-1.9802672662091
4.0159997940063	-1.9857856247006
4.0229997634888	-1.9913371437814
4.0300002098083	-1.9969210512234
4.0370001792908	-2.0025377981873
4.0440001487732	-2.0081848539945
4.0510001182556	-2.0138633816200
4.0580000877380	-2.0195684002630
4.0650000572205	-2.0253010784249
4.0720000267029	-2.0310595018702
4.0789999961853	-2.0368435440343
4.0859999656677	-2.0426511144935
4.0929999351501	-2.0484794329441
4.0999999046326	-2.0543302812451
4.1069998741150	-2.0602008597653
4.1139998435974	-2.0660889588967
4.1209998130798	-2.0719951234087
4.1279997825623	-2.0779152480412
4.1350002288818	-2.0838509044301
4.1420001983643	-2.0897988297539
4.1490001678467	-2.0957577966557
4.1560001373291	-2.1017259211109
4.1630001068115	-2.1077040304420
4.1700000762939	-2.1136888906057
4.1770000457764	-2.1196776033584
4.1840000152588	-2.1256714182309
4.1909999847412	-2.1316670600918
4.1979999542236	-2.1376637190247
4.2049999237061	-2.1436602924538
4.2119998931885	-2.1496542910691
4.2189998626709	-2.1556444850421
4.2259998321533	-2.1616288698144
4.2329998016357	-2.1676051390767
4.2399997711182	-2.1735749067640
4.2470002174377	-2.1795330974159
4.2540001869202	-2.1854792530747
4.2610001564026	-2.1914114168628
4.2680001258850	-2.1973287490445
4.2750000953674	-2.2032294444423
4.2820000648499	-2.2091104232573
4.2890000343323	-2.2149720998071
4.2960000038147	-2.2208117913069
4.3029999732971	-2.2266284262784
4.3099999427795	-2.2324194068339
4.3169999122620	-2.2381831170139
4.3239998817444	-2.2439181921682
4.3309998512268	-2.2496236951945
4.3379998207092	-2.2552965978231
4.3449997901917	-2.2609348595748
4.3520002365112	-2.2665392754127
4.3590002059937	-2.2721063489949
4.3660001754761	-2.2776342752562
4.3730001449585	-2.2831217192516
4.3800001144409	-2.2885676455256
4.3870000839233	-2.2939700384149
4.3940000534058	-2.2993265443414
4.4010000228882	-2.3046365165399
4.4079999923706	-2.3098982902371
4.4149999618530	-2.3151091196443
4.4219999313354	-2.3202686923068
4.4289999008179	-2.3253742204654
4.4359998703003	-2.3304252572066
4.4429998397827	-2.3354202894938
4.4499998092651	-2.3403567399823
4.4569997787476	-2.3452343146069
4.4640002250671	-2.3500495962263
4.4710001945496	-2.3548021292132
4.4780001640320	-2.3594910263586
4.4850001335144	-2.3641156348650
4.4920001029968	-2.3686714515462
4.4990000724792	-2.3731609889884
4.5060000419617	-2.3775795423881
4.5130000114441	-2.3819270631500
4.5199999809265	-2.3862024117231
4.5269999504089	-2.3904037407987
4.5339999198914	-2.3945299273932
4.5409998893738	-2.3985798731742
4.5479998588562	-2.4025519739348
4.5549998283386	-2.4064461722852
4.5619997978210	-2.4102605452795
4.5689997673035	-2.4139939680586
4.5760002136230	-2.4176447114343
4.5830001831055	-2.4212120309864
4.5900001525879	-2.4246946067244
4.5970001220703	-2.4280923899413
4.6040000915527	-2.4314051093978
4.6110000610352	-2.4346289405902
4.6180000305176	-2.4377650724356
4.6250000000000	-2.4408122352898
4.6319999694824	-2.4437702886080
4.6389999389648	-2.4466366776913
4.6459999084473	-2.4494118486184
4.6529998779297	-2.4520952989471
4.6599998474121	-2.4546849246107
4.6669998168945	-2.4571817976179
4.6739997863770	-2.4595842118711
4.6810002326965	-2.4618924886149
4.6880002021790	-2.4641043401551
4.6950001716614	-2.4662214063445
4.7020001411438	-2.4682423697486
4.7090001106262	-2.4701665470928
4.7160000801086	-2.4719933861928
4.7230000495911	-2.4737223463098
4.7300000190735	-2.4753540736780
4.7369999885559	-2.4768873745376
4.7439999580383	-2.4783235118240
4.7509999275208	-2.4796616277195
4.7579998970032	-2.4809003553125
4.7649998664856	-2.4820400917247
4.7719998359680	-2.4830817127472
4.7789998054504	-2.4840258611472
4.7859997749329	-2.4848703105875
4.7930002212524	-2.4856163323347
4.8000001907349	-2.4862646075863
4.8070001602173	-2.4868133864621
4.8140001296997	-2.4872648428373
4.8210000991821	-2.4876176756193
4.8280000686646	-2.4878741562393
4.8350000381470	-2.4880313219717
4.8420000076294	-2.4880936007689
4.8489999771118	-2.4880579487989
4.8559999465942	-2.4879277510358
4.8629999160767	-2.4877006105180
4.8699998855591	-2.4873777589196
4.8769998550415	-2.4869609702870
4.8839998245239	-2.4864503564054
4.8909997940063	-2.4858455700870
4.8979997634888	-2.4851482108350
4.9050002098083	-2.4843574637720
4.9120001792908	-2.4834765194494
4.9190001487732	-2.4825042430708
4.9260001182556	-2.4814414372401
4.9330000877380	-2.4802902193148
4.9400000572205	-2.4790493084239
4.9470000267029	-2.4777211833459
4.9539999961853	-2.4763072084663
4.9609999656677	-2.4748059584831
4.9679999351501	-2.4732214781134
4.9749999046326	-2.4715521554867
4.9819998741150	-2.4697991797943
4.9889998435974	-2.4679652304992
4.9959998130798	-2.4660492842366
5.0029997825623	-2.4640552224331
5.0100002288818	-2.4619800249911
5.0170001983643	-2.4598295540884
5.0240001678467	-2.4576015672512
5.0310001373291	-2.4552980433771
5.0380001068115	-2.4529204681995
5.0450000762939	-2.4504698109618
5.0520000457764	-2.4479464148616
5.0590000152588	-2.4453532498087
5.0659999847412	-2.4426904119715
5.0729999542236	-2.4399602927498
5.0799999237061	-2.4371617669873
5.0869998931885	-2.4342995474281
5.0939998626709	-2.4313705235255
5.1009998321533	-2.4283796129827
5.1079998016357	-2.4253273269383
5.1149997711182	-2.4222140831860
5.1220002174377	-2.4190419204072
5.1290001869202	-2.4158121587876
5.1360001564026	-2.4125246581537
5.1430001258850	-2.4091837813866
5.1500000953674	-2.4057888988197
5.1570000648499	-2.4023411812085
5.1640000343323	-2.3988425227986
5.1710000038147	-2.3952944555254
5.1779999732971	-2.3916977093273
5.1849999427795	-2.3880535131101
5.1919999122620	-2.3843645949909
5.1989998817444	-2.3806316309974
5.2059998512268	-2.3768558436167
5.2129998207092	-2.3730380903117
5.2199997901917	-2.3691809988837
5.2270002365112	-2.3652846296266
5.2340002059937	-2.3613500550591
5.2410001754761	-2.3573807275605
5.2480001449585	-2.3533756864956
5.2550001144409	-2.3493383962133
5.2620000839233	-2.3452684982572
5.2690000534058	-2.3411675022415
5.2760000228882	-2.3370370757927
5.2829999923706	-2.3328797221012
5.2899999618530	-2.3286947214980
5.2969999313354	-2.3244844552385
5.3039999008179	-2.3202497369436
5.3109998703003	-2.3159926275706
5.3179998397827	-2.3117131577437
5.3249998092651	-2.3074144830969
5.3319997787476	-2.3030960816570
5.3390002250671	-2.2987592317881
5.3460001945496	-2.2944061450086
5.3530001640320	-2.2900376131619
5.3600001335144	-2.2856551302380
5.3670001029968	-2.2812585350385
5.3740000724792	-2.2768511167590
5.3810000419617	-2.2724323154939
5.3880000114441	-2.2680034916362
5.3949999809265	-2.2635659902455
5.4019999504089	-2.2591223793688
5.4089999198914	-2.2546710014504
5.4159998893738	-2.2502148090525
5.4229998588562	-2.2457547289024
5.4299998283386	-2.2412905815566
5.4369997978210	-2.2368247737558
5.4439997673035	-2.2323569965398
5.4510002136230	-2.2278916198983
5.4580001831055	-2.2234240298857
5.4650001525879	-2.2189598311142
5.4720001220703	-2.2144979177795
5.4790000915527	-2.2100400298463
5.4860000610352	-2.2055866755856
5.4930000305176	-2.2011384961695
5.5000000000000	-2.1966951288392
5.5069999694824	-2.1922601150372
5.5139999389648	-2.1878332041979
5.5209999084473	-2.1834150447686
5.5279998779297	-2.1790073019872
5.5349998474121	-2.1746076013699
5.5419998168945	-2.1702206661354
5.5489997863770	-2.1658454244483
5.5560002326965	-2.1614828631020
5.5630002021790	-2.1571331551347
5.5700001716614	-2.1527975667566
5.5770001411438	-2.1484786624639
5.5840001106262	-2.1441729476464
5.5910000801086	-2.1398842212454
5.5980000495911	-2.1356116979465
5.6050000190735	-2.1313542739200
5.6119999885559	-2.1271180771792
5.6189999580383	-2.1228992016613
5.6259999275208	-2.1186997757003
5.6329998970032	-2.1145177593447
5.6399998664856	-2.1103577688032
5.6469998359680	-2.1062174427818
5.6539998054504	-2.1020987637200
5.6609997749329	-2.0980012569941
5.6680002212524	-2.0939258429696
5.6750001907349	-2.0898735118983
5.6820001602173	-2.0858436707537
5.6890001296997	-2.0818361961133
5.6960000991821	-2.0778529651405
5.7030000686646	-2.0738945456469
5.7100000381470	-2.0699606737495
5.7170000076294	-2.0660494951256
5.7239999771118	-2.0621664780248
5.7309999465942	-2.0583071511653
5.7379999160767	-2.0544742753132
5.7449998855591	-2.0506661957306
5.7519998550415	-2.0468869087518
5.7589998245239	-2.0431321693297
5.7659997940063	-2.0394065449495
5.7729997634888	-2.0357069393246
5.7800002098083	-2.0320336170643
5.7870001792908	-2.0283893807477
5.7940001487732	-2.0247736417304
5.8010001182556	-2.0211858950795
5.8080000877380	-2.0176257500049
5.8150000572205	-2.0140951926776
5.8220000267029	-2.0105932074074
5.8289999961853	-2.0071204253991
5.8359999656677	-2.0036754980553
5.8429999351501	-2.0002597958711
5.8499999046326	-1.9968748597346
5.8569998741150	-1.9935189298230
5.8639998435974	-1.9901924034134
5.8709998130798	-1.9868957203416
5.8779997825623	-1.9836291529783
5.8850002288818	-1.9803929052522
5.8920001983643	-1.9771864438236
5.8990001678467	-1.9740101821300
5.9060001373291	-1.9708639746080
5.9130001068115	-1.9677488515114
5.9200000762939	-1.9646631787117
5.9270000457764	-1.9616086098612
5.9340000152588	-1.9585839074329
5.9409999847412	-1.9555909321115
5.9479999542236	-1.9526272516531
5.9549999237061	-1.9496955626820
5.9619998931885	-1.9467943460773
5.9689998626709	-1.9439228288407
5.9759998321533	-1.9410833091406
5.9829998016357	-1.9382734075165
5.9899997711182	-1.9354951372224
5.9970002174377	-1.9327469238605
6.0040001869202	-1.9300303265540
6.0110001564026	-1.9273452457648
6.0180001258850	-1.9246896958208
6.0250000953674	-1.9220649148110
6.0320000648499	-1.9194722660036
6.0390000343323	-1.9169091135867
6.0460000038147	-1.9143774174140
6.0529999732971	-1.9118758748152
6.0599999427795	-1.9094048611973
6.0669999122620	-1.9069669522290
6.0739998817444	-1.9045577762659
6.0809998512268	-1.9021802373632
6.0879998207092	-1.8998326980528
6.0949997901917	-1.8975162943659
6.1020002365112	-1.8952308991715
6.1090002059937	-1.8929758017041
6.1160001754761	-1.8907506946796
6.1230001449585	-1.8885574697304
6.1300001144409	-1.8863945418898
6.1370000839233	-1.8842621248167
6.1440000534058	-1.8821602777426
6.1510000228882	-1.8800880648027
6.1579999923706	-1.8780458492912
6.1649999618530	-1.8760364174721
6.1719999313354	-1.8740554669950
6.1789999008179	-1.8721053259780
6.1859998703003	-1.8701869329001
6.1929998397827	-1.8682969735839
6.1999998092651	-1.8664379898112
6.2069997787476	-1.8646099981951
6.2140002250671	-1.8628101665664
6.2210001945496	-1.8610425558019
6.2280001640320	-1.8593050615944
6.2350001335144	-1.8575978152724
6.2420001029968	-1.8559208733143
6.2490000724792	-1.8542727465029
6.2560000419617	-1.8526547078053
6.2630000114441	-1.8510687781312
6.2699999809265	-1.8495124006206
6.2769999504089	-1.8479847636472
6.2839999198914	-1.8464868454221
6.2909998893738	-1.8450201478885
6.2979998588562	-1.8435832014841
6.3049998283386	-1.8421762340525
6.3119997978210	-1.8407979511832
6.3189997673035	-1.8394527145541
6.3260002136230	-1.8381341244898
6.3330001831055	-1.8368473084846
6.3400001525879	-1.8355906024349
6.3470001220703	-1.8343628721626
6.3540000915527	-1.8331646997086
6.3610000610352	-1.8319978817355
6.3680000305176	-1.8308581237986
6.3750000000000	-1.8297505083125
6.3819999694824	-1.8286727967049
6.3889999389648	-1.8276236168432
6.3959999084473	-1.8266065033233
6.4029998779297	-1.8256170530834
6.4099998474121	-1.8246583265562
6.4169998168945	-1.8237282938848
6.4239997863770	-1.8228292690723
6.4310002326965	-1.8219595592109
6.4380002021790	-1.8211197472122
6.4450001716614	-1.8203105000942
6.4520001411438	-1.8195298661206
6.4590001106262	-1.8187806909245
6.4660000801086	-1.8180590301680
6.4730000495911	-1.8173683466090
6.4800000190735	-1.8167074293147
6.4869999885559	-1.8160757430795
6.4939999580383	-1.8154742262285
6.5009999275208	-1.8149023488935
6.5079998970032	-1.8143596606675
6.5149998664856	-1.8138477543998
6.5219998359680	-1.8133646302168
6.5289998054504	-1.8129116291838
6.5359997749329	-1.8124886072293
6.5430002212524	-1.8120945061837
6.5500001907349	-1.8117311077611
6.5570001602173	-1.8113974765519
6.5640001296997	-1.8110923491898
6.5710000991821	-1.8108174382639
6.5780000686646	-1.8105719663733
6.5850000381470	-1.8103569835829
6.5920000076294	-1.8101699640225
6.5989999771118	-1.8100145913722
6.6059999465942	-1.8098877425482
6.6129999160767	-1.8097909096967
6.6199998855591	-1.8097236483064
6.6269998550415	-1.8096851120930
6.6339998245239	-1.8096775938993
6.6409997940063	-1.8096979439742
6.6479997634888	-1.8097492169437
6.6550002098083	-1.8098284482562
6.6620001792908	-1.8099394710636
6.6690001487732	-1.8100773602308
6.6760001182556	-1.8102456528783
6.6830000877380	-1.8104437814323
6.6900000572205	-1.8106704539674
6.6970000267029	-1.8109265840541
6.7039999961853	-1.8112125027217
6.7109999656677	-1.8115269838554
6.7179999351501	-1.8118717647940
6.7249999046326	-1.8122442530602
6.7319998741150	-1.8126463290294
6.7389998435974	-1.8130782445965
6.7459998130798	-1.8135380566830
6.7529997825623	-1.8140272699454
6.7600002288818	-1.8145461872580
6.7670001983643	-1.8150925714759
6.7740001678467	-1.8156682747224
6.7810001373291	-1.8162731233961
6.7880001068115	-1.8169066747735
6.7950000762939	-1.8175687660218
6.8020000457764	-1.8182596757648
6.8090000152588	-1.8189786217617
6.8159999847412	-1.8197256001825
6.8229999542236	-1.8205021339608
6.8299999237061	-1.8213051385598
6.8369998931885	-1.8221382731420
6.8439998626709	-1.8229989471525
6.8509998321533	-1.8238873165621
6.8579998016357	-1.8248046118537
6.8649997711182	-1.8257498929271
6.8720002174377	-1.8267219742124
6.8790001869202	-1.8277220453113
6.8860001564026	-1.8287505714098
6.8930001258850	-1.8298055256965
6.9000000953674	-1.8308886216809
6.9070000648499	-1.8319991983545
6.9140000343323	-1.8331362764410
6.9210000038147	-1.8343012331874
6.9279999732971	-1.8354925432025
6.9349999427795	-1.8367120361996
6.9419999122620	-1.8379577845629
6.9489998817444	-1.8392309472168
6.9559998512268	-1.8405301708024
6.9629998207092	-1.8418566633400
6.9699997901917	-1.8432089002269
6.9770002365112	-1.8445877337165
6.9840002059937	-1.8459933241786
6.9910001754761	-1.8474244413557
6.9980001449585	-1.8488822808504
7.0050001144409	-1.8503650995345
7.0120000839233	-1.8518742265398
7.0190000534058	-1.8534088032093
7.0260000228882	-1.8549694856558
7.0329999923706	-1.8565561284399
7.0399999618530	-1.8581673213470
7.0469999313354	-1.8598030755468
7.0539999008179	-1.8614658938270
7.0609998703003	-1.8631523160853
7.0679998397827	-1.8648635730007
7.0749998092651	-1.8665998302399
7.0819997787476	-1.8683606089087
7.0890002250671	-1.8701461310676
7.0960001945496	-1.8719556469759
7.1030001640320	-1.8737899162857
7.1100001335144	-1.8756485803159
7.1170001029968	-1.8775296404784
7.1240000724792	-1.8794359412430
7.1310000419617	-1.8813659144630
7.1380000114441	-1.8833188325448
7.1449999809265	-1.8852960663110
7.1519999504089	-1.8872952569619
7.1589999198914	-1.8893194138962
7.1659998893738	-1.8913653079055
7.1729998588562	-1.8934355193127
7.1799998283386	-1.8955270388176
7.1869997978210	-1.8976416857096
7.1939997673035	-1.8997797309698
7.2010002136230	-1.9019390102595
7.2080001831055	-1.9041210158173
7.2150001525879	-1.9063255552527
7.2220001220703	-1.9085518998070
7.2290000915527	-1.9107995114894
7.2360000610352	-1.9130697124313
7.2430000305176	-1.9153616155330
7.2500000000000	-1.9176750250187
7.2569999694824	-1.9200100033176
7.2639999389648	-1.9223654969500
7.2709999084473	-1.9247422215387
7.2779998779297	-1.9271406562898
7.2849998474121	-1.9295593966749
7.2919998168945	-1.9319994553218
7.2989997863770	-1.9344603655240
7.3060002326965	-1.9369416687037
7.3130002021790	-1.9394421068900
7.3200001716614	-1.9419642235454
7.3270001411438	-1.9445052584828
7.3340001106262	-1.9470675269269
7.3410000801086	-1.9496487302379
7.3480000495911	-1.9522503054268
7.3550000190735	-1.9548716929535
7.3619999885559	-1.9575121940369
7.3689999580383	-1.9601716622004
7.3759999275208	-1.9628517824397
7.3829998970032	-1.9655502444675
7.3899998664856	-1.9682678673611
7.3969998359680	-1.9710047107607
7.4039998054504	-1.9737600715660
7.4109997749329	-1.9765344249554
7.4180002212524	-1.9793268379531
7.4250001907349	-1.9821375494880
7.4320001602173	-1.9849679871117
7.4390001296997	-1.9878155485063
7.4460000991821	-1.9906820214844
7.4530000686646	-1.9935659090258
7.4600000381470	-1.9964681002612
7.4670000076294	-1.9993867551430
7.4739999771118	-2.0023251088115
7.4809999465942	-2.0052804710658
7.4879999160767	-2.0082524757789
7.4949998855591	-2.0112419834487
7.5019998550415	-2.0142484918898
7.5089998245239	-2.0172737160183
7.5159997940063	-2.0203143699228
7.5229997634888	-2.0233718359013
7.5300002098083	-2.0264467916841
7.5370001792908	-2.0295374594223
7.5440001487732	-2.0326457695240
7.5510001182556	-2.0357697437461
7.5580000877380	-2.0389110506915
7.5650000572205	-2.0420677257242
7.5720000267029	-2.0452400466329
7.5789999961853	-2.0484288128795
7.5859999656677	-2.0516338823177
7.5929999351501	-2.0548535831388
7.5999999046326	-2.0580899987252
7.6069998741150	-2.0613407784591
7.6139998435974	-2.0646068105615
7.6209998130798	-2.0678888496017
7.6279997825623	-2.0711857107099
7.6350002288818	-2.0744984887813
7.6420001983643	-2.0778235721294
7.6490001678467	-2.0811656266998
7.6560001373291	-2.0845215744813
7.6630001068115	-2.0878901776993
7.6700000762939	-2.0912754316048
7.6770000457764	-2.0946747050419
7.6840000152588	-2.0980870908434
7.6909999847412	-2.1015128978719
7.6979999542236	-2.1049526243732
7.7049999237061	-2.1084080777539
7.7119998931885	-2.1118743998506
7.7189998626709	-2.1153537280843
7.7259998321533	-2.1188474879832
7.7329998016357	-2.1223554191950
7.7399997711182	-2.1258735393817
7.7470002174377	-2.1294063351502
7.7540001869202	-2.1329495095727
7.7610001564026	-2.1365061821980
7.7680001258850	-2.1400754016613
7.7750000953674	-2.1436563037369
7.7820000648499	-2.1472495558033
7.7890000343323	-2.1508538907510
7.7960000038147	-2.1544683996877
7.8029999732971	-2.1580957341453
7.8099999427795	-2.1617341224348
7.8169999122620	-2.1653829970201
7.8239998817444	-2.1690430104985
7.8309998512268	-2.1727122471169
7.8379998207092	-2.1763933154859
7.8449997901917	-2.1800828169860
7.8520002365112	-2.1837840884259
7.8590002059937	-2.1874940145150
7.8660001754761	-2.1912138549731
7.8730001449585	-2.1949433091874
7.8800001144409	-2.1986818223562
7.8870000839233	-2.2024289553878
7.8940000534058	-2.2061832722553
7.9010000228882	-2.2099475809529
7.9079999923706	-2.2137203739084
7.9149999618530	-2.2175001935030
7.9219999313354	-2.2212884595969
7.9289999008179	-2.2250839833665
7.9359998703003	-2.2288866691961
7.9429998397827	-2.2326964945067
7.9499998092651	-2.2365121225386
7.9569997787476	-2.2403364612033
7.9640002250671	-2.2441646178046
7.9710001945496	-2.2480001028935
7.9780001640320	-2.2518414143086
7.9850001335144	-2.2556875389721
7.9920001029968	-2.2595402259677
7.9990000724792	-2.2633967761174
8.0059995651245	-2.2672592806423
8.0129995346069	-2.2711246876244
8.0200004577637	-2.2749940929111
8.0270004272461	-2.2788682095715
8.0340003967285	-2.2827463765259
8.0410003662109	-2.2866268234261
8.0480003356934	-2.2905111488949
8.0550003051758	-2.2943984244631
8.0620002746582	-2.2982883295223
8.0690002441406	-2.3021801195954
8.0760002136230	-2.3060729610486
8.0830001831055	-2.3099687823108
8.0900001525879	-2.3138649320637
8.0970001220703	-2.3177630676516
8.1040000915527	-2.3216618612243
8.1110000610352	-2.3255618731319
8.1180000305176	-2.3294603385884
8.1250000000000	-2.3333596771110
8.1319999694824	-2.3372586985460
8.1389999389648	-2.3411563693673
8.1459999084473	-2.3450538611548
8.1529998779297	-2.3489497641814
8.1599998474121	-2.3528441556567
8.1669998168945	-2.3567360288782
8.1739997863770	-2.3606266097497
8.1809997558594	-2.3645144314653
8.1879997253418	-2.3683991410423
8.1949996948242	-2.3722820765279
8.2019996643066	-2.3761598436186
8.2089996337891	-2.3800355697175
8.2159996032715	-2.3839069868152
8.2229995727539	-2.3877742732556
8.2299995422363	-2.3916361068089
8.2370004653931	-2.3954938788889
8.2440004348755	-2.3993468907761
8.2510004043579	-2.4031944632810
8.2580003738403	-2.4070368827539
8.2650003433228	-2.4108730903720
8.2720003128052	-2.4147023239864
8.2790002822876	-2.4185256990673
8.2860002517700	-2.4223425464785
8.2930002212524	-2.4261524513062
8.3000001907349	-2.4299542468589
8.3070001602173	-2.4337501267899
8.3140001296997	-2.4375371749533
8.3210000991821	-2.4413162691296
8.3280000686646	-2.4450877790005
8.3350000381470	-2.4488497834716
8.3420000076294	-2.4526038591765
8.3489999771118	-2.4563486923254
8.3559999465942	-2.4600849946132
8.3629999160767	-2.4638116673391
8.3699998855591	-2.4675289517709
8.3769998550415	-2.4712346852373
8.3839998245239	-2.4749319495722
8.3909997940063	-2.4786191626173
8.3979997634888	-2.4822948344554
8.4049997329712	-2.4859599201500
8.4119997024536	-2.4896158141632
8.4189996719360	-2.4932584131128
8.4259996414185	-2.4968905738891
8.4329996109009	-2.5005107723089
8.4399995803833	-2.5041207962685
8.4469995498657	-2.5077197662843
8.4540004730225	-2.5113045605356
8.4610004425049	-2.5148778425919
8.4680004119873	-2.5184395266838
8.4750003814697	-2.5219886336054
8.4820003509521	-2.5255256982165
8.4890003204346	-2.5290505639772
8.4960002899170	-2.5325613141442
8.5030002593994	-2.5360600619464
8.5100002288818	-2.5395474682487
8.5170001983643	-2.5430195620208
8.5240001678467	-2.5464802247596
8.5310001373291	-2.5499261555749
8.5380001068115	-2.5533601941069
8.5450000762939	-2.5567803152581
8.5520000457764	-2.5601855479278
8.5590000152588	-2.5635789932877
8.5659999847412	-2.5669582570945
8.5729999542236	-2.5703246795076
8.5799999237061	-2.5736768134293
8.5869998931885	-2.5770162374516
8.5939998626709	-2.5803405139044
8.6009998321533	-2.5836516223105
8.6079998016357	-2.5869499576171
8.6149997711182	-2.5902334412029
8.6219997406006	-2.5935027098677
8.6289997100830	-2.5967600636865
8.6359996795654	-2.6000024524525
8.6429996490479	-2.6032308850433
8.6499996185303	-2.6064455493730
8.6569995880127	-2.6096475730371
8.6639995574951	-2.6128357385700
8.6709995269775	-2.6160099982852
8.6780004501343	-2.6191699912685
8.6850004196167	-2.6223165521983
8.6920003890991	-2.6254500167017
8.6990003585815	-2.6285693892566
8.7060003280640	-2.6316763601226
8.7130002975464	-2.6347700391340
8.7200002670288	-2.6378487206108
8.7270002365112	-2.6409154610657
8.7340002059937	-2.6439693040993
8.7410001754761	-2.6470085700224
8.7480001449585	-2.6500365993444
8.7550001144409	-2.6530502274462
8.7620000839233	-2.6560518735880
8.7690000534058	-2.6590412615111
8.7760000228882	-2.6620168740137
8.7829999923706	-2.6649799279582
8.7899999618530	-2.6679306409872
8.7969999313354	-2.6708690956661
8.8039999008179	-2.6737967480444
8.8109998703003	-2.6767097423355
8.8179998397827	-2.6796116514855
8.8249998092651	-2.6825023484543
8.8319997787476	-2.6853800482762
8.8389997482300	-2.6882461199636
8.8459997177124	-2.6911013066635
8.8529996871948	-2.6939435018722
8.8599996566772	-2.6967752674411
8.8669996261597	-2.6995947971301
8.8739995956421	-2.7024037405912
8.8809995651245	-2.7052017490775
8.8879995346069	-2.7079882588777
8.8950004577637	-2.7107640160063
8.9020004272461	-2.7135292843952
8.9090003967285	-2.7162832882488
8.9160003662109	-2.7190262401425
8.9230003356934	-2.7217590480877
8.9300003051758	-2.7244809806961
8.9370002746582	-2.7271929370091
8.9440002441406	-2.7298946403282
8.9510002136230	-2.7325860045658
8.9580001831055	-2.7352669803839
8.9650001525879	-2.7379383302525
8.9720001220703	-2.7406008087704
8.9790000915527	-2.7432513757487
8.9860000610352	-2.7458927236673
8.9930000305176	-2.7485248273122
9.0000000000000	-2.7511477528955
