#Parameters = {t_muscle=20; t_fat=10; height_plate=120; width_plate=120; t_skin=2; d_antenna=50}
#"Frequency / GHz"	"S1,1 [Magnitude / dB]"
#-----------------------------------------
2.0000000000000	-3.4576380037334
2.0069999694824	-3.4321194739451
2.0139999389648	-3.4068794483776
2.0209999084473	-3.3819173445927
2.0280001163483	-3.3572319812815
2.0350000858307	-3.3328226721961
2.0420000553131	-3.3086865001793
2.0490000247955	-3.2848227191970
2.0559999942780	-3.2612283532887
2.0629999637604	-3.2379024534867
2.0699999332428	-3.2148434432183
2.0769999027252	-3.1920481865663
2.0840001106262	-3.1695162048309
2.0910000801086	-3.1472435905784
2.0980000495911	-3.1252310391734
2.1050000190735	-3.1034753446194
2.1119999885559	-3.0819735838357
2.1189999580383	-3.0607247409546
2.1259999275208	-3.0397250865482
2.1329998970032	-3.0189740380477
2.1400001049042	-2.9984694060404
2.1470000743866	-2.9782083090884
2.1540000438690	-2.9581893575221
2.1610000133514	-2.9384111300115
2.1679999828339	-2.9188694018225
2.1749999523163	-2.8995628149445
2.1819999217987	-2.8804881984921
2.1889998912811	-2.8616461448761
2.1960000991821	-2.8430321298152
2.2030000686646	-2.8246445397907
2.2100000381470	-2.8064820119342
2.2170000076294	-2.7885402267008
2.2239999771118	-2.7708205565115
2.2309999465942	-2.7533172617998
2.2379999160767	-2.7360303584373
2.2449998855591	-2.7189575668728
2.2520000934601	-2.7020948668371
2.2590000629425	-2.6854418542221
2.2660000324249	-2.6689959332823
2.2730000019073	-2.6527552664873
2.2799999713898	-2.6367183502053
2.2869999408722	-2.6208819400955
2.2939999103546	-2.6052442469479
2.3010001182556	-2.5898030280879
2.3080000877380	-2.5745569128295
2.3150000572205	-2.5595035432028
2.3220000267029	-2.5446405709431
2.3289999961853	-2.5299682330315
2.3359999656677	-2.5154814494776
2.3429999351501	-2.5011791716634
2.3499999046326	-2.4870593856448
2.3570001125336	-2.4731225104339
2.3640000820160	-2.4593638345720
2.3710000514984	-2.4457825481012
2.3780000209808	-2.4323771054428
2.3849999904633	-2.4191444919114
2.3919999599457	-2.4060850322128
2.3989999294281	-2.3931948240116
2.4059998989105	-2.3804720688115
2.4130001068115	-2.3679179599073
2.4200000762939	-2.3555278762959
2.4270000457764	-2.3432997151558
2.4340000152588	-2.3312341547704
2.4409999847412	-2.3193275971306
2.4479999542236	-2.3075801967273
2.4549999237061	-2.2959891937090
2.4619998931885	-2.2845531669638
2.4690001010895	-2.2732688494786
2.4760000705719	-2.2621379686271
2.4830000400543	-2.2511568635158
2.4900000095367	-2.2403241713788
2.4969999790192	-2.2296390886906
2.5039999485016	-2.2190985347598
2.5109999179840	-2.2087019663827
2.5179998874664	-2.1984491281570
2.5250000953674	-2.1883375340191
2.5320000648499	-2.1783652846105
2.5390000343323	-2.1685313227885
2.5460000038147	-2.1588342342615
2.5529999732971	-2.1492729478942
2.5599999427795	-2.1398448461357
2.5669999122620	-2.1305501557321
2.5739998817444	-2.1213881299443
2.5810000896454	-2.1123551382744
2.5880000591278	-2.1034527602055
2.5950000286102	-2.0946760255262
2.6019999980927	-2.0860276492116
2.6089999675751	-2.0775017349805
2.6159999370575	-2.0691020583221
2.6229999065399	-2.0608235958167
2.6300001144409	-2.0526675614760
2.6370000839233	-2.0446325086111
2.6440000534058	-2.0367152871496
2.6510000228882	-2.0289169999047
2.6579999923706	-2.0212336203448
2.6649999618530	-2.0136678801843
2.6719999313354	-2.0062157807811
2.6789999008179	-1.9988783427747
2.6860001087189	-1.9916510958207
2.6930000782013	-1.9845362674135
2.7000000476837	-1.9775327975884
2.7070000171661	-1.9706374254997
2.7139999866486	-1.9638498164050
2.7209999561310	-1.9571691218757
2.7279999256134	-1.9505951501796
2.7349998950958	-1.9441259418892
2.7420001029968	-1.9377601945437
2.7490000724792	-1.9314977111059
2.7560000419617	-1.9253381660133
2.7630000114441	-1.9192781379400
2.7699999809265	-1.9133196168004
2.7769999504089	-1.9074600393673
2.7839999198914	-1.9016997937514
2.7909998893738	-1.8960349615770
2.7980000972748	-1.8904677500106
2.8050000667572	-1.8849951773506
2.8120000362396	-1.8796191241606
2.8190000057220	-1.8743354660215
2.8259999752045	-1.8691441118096
2.8329999446869	-1.8640465552571
2.8399999141693	-1.8590396183794
2.8469998836517	-1.8541223250439
2.8540000915527	-1.8492964033390
2.8610000610352	-1.8445583537836
2.8680000305176	-1.8399080810779
2.8750000000000	-1.8353457234158
2.8819999694824	-1.8308682624052
2.8889999389648	-1.8264784125995
2.8959999084473	-1.8221731046479
2.9030001163483	-1.8179511462948
2.9100000858307	-1.8138136627403
2.9170000553131	-1.8097593632218
2.9240000247955	-1.8057859163137
2.9309999942780	-1.8018939842922
2.9379999637604	-1.7980841375187
2.9449999332428	-1.7943530979294
2.9519999027252	-1.7907018207780
2.9590001106262	-1.7871297152373
2.9660000801086	-1.7836351557101
2.9730000495911	-1.7802177020996
2.9800000190735	-1.7768782855265
2.9869999885559	-1.7736138182417
2.9939999580383	-1.7704253205572
3.0009999275208	-1.7673119863057
3.0079998970032	-1.7642738992518
3.0150001049042	-1.7613095193886
3.0220000743866	-1.7584175664463
3.0290000438690	-1.7555987313934
3.0360000133514	-1.7528526117457
3.0429999828339	-1.7501784708118
3.0499999523163	-1.7475759292044
3.0569999217987	-1.7450429457461
3.0639998912811	-1.7425812322827
3.0710000991821	-1.7401887365732
3.0780000686646	-1.7378665960579
3.0850000381470	-1.7356129691659
3.0920000076294	-1.7334287790132
3.0989999771118	-1.7313118016066
3.1059999465942	-1.7292628560306
3.1129999160767	-1.7272815086324
3.1199998855591	-1.7253665151481
3.1270000934601	-1.7235192282610
3.1340000629425	-1.7217362534850
3.1410000324249	-1.7200206486998
3.1480000019073	-1.7183701987369
3.1549999713898	-1.7167856960469
3.1619999408722	-1.7152656126142
3.1689999103546	-1.7138101228187
3.1760001182556	-1.7124186059826
3.1830000877380	-1.7110925464984
3.1900000572205	-1.7098298167756
3.1970000267029	-1.7086295740884
3.2039999961853	-1.7074929793391
3.2109999656677	-1.7064215506332
3.2179999351501	-1.7054117585212
3.2249999046326	-1.7044637547237
3.2320001125336	-1.7035784567504
3.2390000820160	-1.7027568028415
3.2460000514984	-1.7019964824434
3.2530000209808	-1.7012977662921
3.2599999904633	-1.7006610319185
3.2669999599457	-1.7000865219165
3.2739999294281	-1.6995727236443
3.2809998989105	-1.6991209587879
3.2880001068115	-1.6987306750975
3.2950000762939	-1.6984017617571
3.3020000457764	-1.6981342101070
3.3090000152588	-1.6979282329202
3.3159999847412	-1.6977823036412
3.3229999542236	-1.6976959284236
3.3299999237061	-1.6976723375728
3.3369998931885	-1.6977075233437
3.3440001010895	-1.6978046171555
3.3510000705719	-1.6979631356102
3.3580000400543	-1.6981822401674
3.3650000095367	-1.6984615049518
3.3719999790192	-1.6988020161712
3.3789999485016	-1.6992037461407
3.3859999179840	-1.6996640942625
3.3929998874664	-1.7001868638808
3.4000000953674	-1.7007704565340
3.4070000648499	-1.7014140542062
3.4140000343323	-1.7021165629050
3.4210000038147	-1.7028829245505
3.4279999732971	-1.7037080352751
3.4349999427795	-1.7045955640584
3.4419999122620	-1.7055422511050
3.4489998817444	-1.7065515033003
3.4560000896454	-1.7076193765040
3.4630000591278	-1.7087517280762
3.4700000286102	-1.7099421190078
3.4769999980927	-1.7111935360930
3.4839999675751	-1.7125076185618
3.4909999370575	-1.7138832234105
3.4979999065399	-1.7153183195704
3.5050001144409	-1.7168158539902
3.5120000839233	-1.7183748210289
3.5190000534058	-1.7199950601894
3.5260000228882	-1.7216762660318
3.5329999923706	-1.7234182217368
3.5399999618530	-1.7252227328187
3.5469999313354	-1.7270881502352
3.5539999008179	-1.7290165791634
3.5610001087189	-1.7310049941716
3.5680000782013	-1.7330548242755
3.5750000476837	-1.7351677605812
3.5820000171661	-1.7373412250989
3.5889999866486	-1.7395778534374
3.5959999561310	-1.7418742368280
3.6029999256134	-1.7442333991645
3.6099998950958	-1.7466532944609
3.6170001029968	-1.7491355508734
3.6240000724792	-1.7516795155814
3.6310000419617	-1.7542850346290
3.6380000114441	-1.7569525515922
3.6449999809265	-1.7596808741678
3.6519999504089	-1.7624705027532
3.6589999198914	-1.7653221151685
3.6659998893738	-1.7682339616044
3.6730000972748	-1.7712075514651
3.6800000667572	-1.7742424811926
3.6870000362396	-1.7773386637293
3.6940000057220	-1.7804948799875
3.7009999752045	-1.7837123015242
3.7079999446869	-1.7869903871318
3.7149999141693	-1.7903286331225
3.7219998836517	-1.7937267970022
3.7290000915527	-1.7971852259036
3.7360000610352	-1.8007029655049
3.7430000305176	-1.8042809049824
3.7500000000000	-1.8079168381060
3.7569999694824	-1.8116136763429
3.7639999389648	-1.8153685489550
3.7709999084473	-1.8191811127492
3.7780001163483	-1.8230531416919
3.7850000858307	-1.8269821380057
3.7920000553131	-1.8309679576451
3.7990000247955	-1.8350123435394
3.8059999942780	-1.8391127233615
3.8129999637604	-1.8432694709321
3.8199999332428	-1.8474820389408
3.8269999027252	-1.8517500655429
3.8340001106262	-1.8560729910885
3.8410000801086	-1.8604511957389
3.8480000495911	-1.8648817875706
3.8550000190735	-1.8693666722779
3.8619999885559	-1.8739053662582
3.8689999580383	-1.8784949964601
3.8759999275208	-1.8831370110714
3.8829998970032	-1.8878305819653
3.8900001049042	-1.8925737693123
3.8970000743866	-1.8973674383504
3.9040000438690	-1.9022097684395
3.9110000133514	-1.9071015598254
3.9179999828339	-1.9120407508541
3.9249999523163	-1.9170261976839
3.9319999217987	-1.9220583067963
3.9389998912811	-1.9271366209627
3.9460000991821	-1.9322593988003
3.9530000686646	-1.9374252998049
3.9600000381470	-1.9426342807374
3.9670000076294	-1.9478851699235
3.9739999771118	-1.9531774544769
3.9809999465942	-1.9585104751605
3.9879999160767	-1.9638822720306
3.9949998855591	-1.9692919837362
4.0019998550415	-1.9747393369215
4.0089998245239	-1.9802236089398
4.0159997940063	-1.9857423634626
4.0229997634888	-1.9912950963290
4.0300002098083	-1.9968815174001
4.0370001792908	-2.0025006651452
4.0440001487732	-2.0081490144845
4.0510001182556	-2.0138277858865
4.0580000877380	-2.0195352145335
4.0650000572205	-2.0252696762152
4.0720000267029	-2.0310303543602
4.0789999961853	-2.0368156878264
4.0859999656677	-2.0426249464794
4.0929999351501	-2.0484558493934
4.0999999046326	-2.0543082947137
4.1069998741150	-2.0601804964144
4.1139998435974	-2.0660711233897
4.1209998130798	-2.0719788803788
4.1279997825623	-2.0779015168844
4.1350002288818	-2.0838387447605
4.1420001983643	-2.0897882287826
4.1490001678467	-2.0957491626534
4.1560001373291	-2.1017209557339
4.1630001068115	-2.1077008135662
4.1700000762939	-2.1136856702839
4.1770000457764	-2.1196785562802
4.1840000152588	-2.1256735107588
4.1909999847412	-2.1316717284307
4.1979999542236	-2.1376706326064
4.2049999237061	-2.1436679921539
4.2119998931885	-2.1496639049292
4.2189998626709	-2.1556556951402
4.2259998321533	-2.1616422216589
4.2329998016357	-2.1676205703459
4.2399997711182	-2.1735908847140
4.2470002174377	-2.1795509708887
4.2540001869202	-2.1854988984132
4.2610001564026	-2.1914331734281
4.2680001258850	-2.1973520739309
4.2750000953674	-2.2032543868739
4.2820000648499	-2.2091377766238
4.2890000343323	-2.2150004199030
4.2960000038147	-2.2208409994931
4.3029999732971	-2.2266586965788
4.3099999427795	-2.2324505526784
4.3169999122620	-2.2382154216309
4.3239998817444	-2.2439515918548
4.3309998512268	-2.2496579870275
4.3379998207092	-2.2553307150219
4.3449997901917	-2.2609714774099
4.3520002365112	-2.2665756887809
4.3590002059937	-2.2721439622899
4.3660001754761	-2.2776731541977
4.3730001449585	-2.2831606140771
4.3800001144409	-2.2886072016987
4.3870000839233	-2.2940096620247
4.3940000534058	-2.2993669924054
4.4010000228882	-2.3046778112615
4.4079999923706	-2.3099384959121
4.4149999618530	-2.3151489754810
4.4219999313354	-2.3203089198623
4.4289999008179	-2.3254155581845
4.4359998703003	-2.3304657346201
4.4429998397827	-2.3354606684925
4.4499998092651	-2.3403970746153
4.4569997787476	-2.3452733112270
4.4640002250671	-2.3500886707373
4.4710001945496	-2.3548413441254
4.4780001640320	-2.3595297612576
4.4850001335144	-2.3641532672533
4.4920001029968	-2.3687093962593
4.4990000724792	-2.3731965796269
4.5060000419617	-2.3776148675176
4.5130000114441	-2.3819616779724
4.5199999809265	-2.3862359868157
4.5269999504089	-2.3904358238905
4.5339999198914	-2.3945619123864
4.5409998893738	-2.3986104289217
4.5479998588562	-2.4025811566568
4.5549998283386	-2.4064740019762
4.5619997978210	-2.4102870505785
4.5689997673035	-2.4140191266302
4.5760002136230	-2.4176679218522
4.5830001831055	-2.4212339670307
4.5900001525879	-2.4247165172833
4.5970001220703	-2.4281117178461
4.6040000915527	-2.4314224248272
4.6110000610352	-2.4346456332058
4.6180000305176	-2.4377805064049
4.6250000000000	-2.4408256287398
4.6319999694824	-2.4437810097119
4.6389999389648	-2.4466454576996
4.6459999084473	-2.4494204739256
4.6529998779297	-2.4521011977315
4.6599998474121	-2.4546892697839
4.6669998168945	-2.4571853567634
4.6739997863770	-2.4595860866645
4.6810002326965	-2.4618920464168
4.6880002021790	-2.4641024983159
4.6950001716614	-2.4662174116858
4.7020001411438	-2.4682362378399
4.7090001106262	-2.4701587268553
4.7160000801086	-2.4719837166566
4.7230000495911	-2.4737115907495
4.7300000190735	-2.4753424810010
4.7369999885559	-2.4768735540384
4.7439999580383	-2.4783084387509
4.7509999275208	-2.4796450142121
4.7579998970032	-2.4808816649610
4.7649998664856	-2.4820202467057
4.7719998359680	-2.4830620178238
4.7789998054504	-2.4840028664080
4.7859997749329	-2.4848464236847
4.7930002212524	-2.4855909542783
4.8000001907349	-2.4862373710306
4.8070001602173	-2.4867851303675
4.8140001296997	-2.4872351211001
4.8210000991821	-2.4875879854733
4.8280000686646	-2.4878427249087
4.8350000381470	-2.4879996765427
4.8420000076294	-2.4880604553756
4.8489999771118	-2.4880242934738
4.8559999465942	-2.4878925237182
4.8629999160767	-2.4876637906764
4.8699998855591	-2.4873416829460
4.8769998550415	-2.4869227826585
4.8839998245239	-2.4864113636509
4.8909997940063	-2.4858062822978
4.8979997634888	-2.4851085165121
4.9050002098083	-2.4843182730719
4.9120001792908	-2.4834361549067
4.9190001487732	-2.4824633032644
4.9260001182556	-2.4814006207829
4.9330000877380	-2.4802481018576
4.9400000572205	-2.4790081759600
4.9470000267029	-2.4776808001322
4.9539999961853	-2.4762667209849
4.9609999656677	-2.4747653145706
4.9679999351501	-2.4731798910191
4.9749999046326	-2.4715112646903
4.9819998741150	-2.4697580529129
4.9889998435974	-2.4679247806907
4.9959998130798	-2.4660101142246
5.0029997825623	-2.4640158574625
5.0100002288818	-2.4619422884033
5.0170001983643	-2.4597912549289
5.0240001678467	-2.4575638780901
5.0310001373291	-2.4552606480517
5.0380001068115	-2.4528839019257
5.0450000762939	-2.4504339795314
5.0520000457764	-2.4479123499750
5.0590000152588	-2.4453192208178
5.0659999847412	-2.4426578367163
5.0729999542236	-2.4399276169144
5.0799999237061	-2.4371304646179
5.0869998931885	-2.4342681829868
5.0939998626709	-2.4313411345705
5.1009998321533	-2.4283514401803
5.1079998016357	-2.4253002564537
5.1149997711182	-2.4221894157702
5.1220002174377	-2.4190177741310
5.1290001869202	-2.4157881985262
5.1360001564026	-2.4125039097729
5.1430001258850	-2.4091640898091
5.1500000953674	-2.4057689174307
5.1570000648499	-2.4023239215566
5.1640000343323	-2.3988262905411
5.1710000038147	-2.3952792310774
5.1779999732971	-2.3916841622424
5.1849999427795	-2.3880425297046
5.1919999122620	-2.3843545614008
5.1989998817444	-2.3806230436810
5.2059998512268	-2.3768476639927
5.2129998207092	-2.3730321908785
5.2199997901917	-2.3691760129470
5.2270002365112	-2.3652805527533
5.2340002059937	-2.3613482428115
5.2410001754761	-2.3573805125986
5.2480001449585	-2.3533764029901
5.2550001144409	-2.3493400451034
5.2620000839233	-2.3452717563838
5.2690000534058	-2.3411723721496
5.2760000228882	-2.3370437235722
5.2829999923706	-2.3328871468385
5.2899999618530	-2.3287039946077
5.2969999313354	-2.3244942718264
5.3039999008179	-2.3202612474692
5.3109998703003	-2.3160051768126
5.3179998397827	-2.3117264123123
5.3249998092651	-2.3074290763899
5.3319997787476	-2.3031117213407
5.3390002250671	-2.2987759199229
5.3460001945496	-2.2944241821180
5.3530001640320	-2.2900565563172
5.3600001335144	-2.2856738694556
5.3670001029968	-2.2812784056624
5.3740000724792	-2.2768716392005
5.3810000419617	-2.2724538968258
5.3880000114441	-2.2680269221602
5.3949999809265	-2.2635900723384
5.4019999504089	-2.2591452253126
5.4089999198914	-2.2546964915771
5.4159998893738	-2.2502395103055
5.4229998588562	-2.2457802783213
5.4299998283386	-2.2413170033008
5.4369997978210	-2.2368506595166
5.4439997673035	-2.2323839085348
5.4510002136230	-2.2279179984223
5.4580001831055	-2.2234515436516
5.4650001525879	-2.2189876316582
5.4720001220703	-2.2145258474583
5.4790000915527	-2.2100662003225
5.4860000610352	-2.2056125919622
5.4930000305176	-2.2011651572742
5.5000000000000	-2.1967224665736
5.5069999694824	-2.1922860450962
5.5139999389648	-2.1878601621970
5.5209999084473	-2.1834406531172
5.5279998779297	-2.1790322075322
5.5349998474121	-2.1746330663645
5.5419998168945	-2.1702461824561
5.5489997863770	-2.1658693916305
5.5560002326965	-2.1615065493591
5.5630002021790	-2.1571565680553
5.5700001716614	-2.1528214302585
5.5770001411438	-2.1485003811133
5.5840001106262	-2.1441944736704
5.5910000801086	-2.1399041132964
5.5980000495911	-2.1356305336809
5.6050000190735	-2.1313743243796
5.6119999885559	-2.1271347569203
5.6189999580383	-2.1229157885511
5.6259999275208	-2.1187144536561
5.6329998970032	-2.1145329305122
5.6399998664856	-2.1103714873704
5.6469998359680	-2.1062311466336
5.6539998054504	-2.1021107062397
5.6609997749329	-2.0980123188815
5.6680002212524	-2.0939345341702
5.6750001907349	-2.0898806397432
5.6820001602173	-2.0858503743599
5.6890001296997	-2.0818410669124
5.6960000991821	-2.0778568815248
5.7030000686646	-2.0738965928562
5.7100000381470	-2.0699607889796
5.7170000076294	-2.0660504682800
5.7239999771118	-2.0621647340872
5.7309999465942	-2.0583042056626
5.7379999160767	-2.0544710195643
5.7449998855591	-2.0506612508665
5.7519998550415	-2.0468804243102
5.7589998245239	-2.0431245840901
5.7659997940063	-2.0393962685370
5.7729997634888	-2.0356962658821
5.7800002098083	-2.0320221254214
5.7870001792908	-2.0283769425157
5.7940001487732	-2.0247603794353
5.8010001182556	-2.0211706792525
5.8080000877380	-2.0176095636901
5.8150000572205	-2.0140769385489
5.8220000267029	-2.0105735040901
5.8289999961853	-2.0070992857264
5.8359999656677	-2.0036546444925
5.8429999351501	-2.0002382328276
5.8499999046326	-1.9968511295036
5.8569998741150	-1.9934942218439
5.8639998435974	-1.9901666519683
5.8709998130798	-1.9868693217951
5.8779997825623	-1.9836017076107
5.8850002288818	-1.9803643403431
5.8920001983643	-1.9771573290361
5.8990001678467	-1.9739801376077
5.9060001373291	-1.9708332984253
5.9130001068115	-1.9677165701745
5.9200000762939	-1.9646306028049
5.9270000457764	-1.9615752456614
5.9340000152588	-1.9585502075593
5.9409999847412	-1.9555563430381
5.9479999542236	-1.9525922770411
5.9549999237061	-1.9496595423908
5.9619998931885	-1.9467579433349
5.9689998626709	-1.9438866192795
5.9759998321533	-1.9410465730796
5.9829998016357	-1.9382367195153
5.9899997711182	-1.9354573422437
5.9970002174377	-1.9327102525314
6.0040001869202	-1.9299928610050
6.0110001564026	-1.9273073325676
6.0180001258850	-1.9246519759100
6.0250000953674	-1.9220281607929
6.0320000648499	-1.9194341346857
6.0390000343323	-1.9168718330084
6.0460000038147	-1.9143399761286
6.0529999732971	-1.9118398277571
6.0599999427795	-1.9093692632934
6.0669999122620	-1.9069310803775
6.0739998817444	-1.9045216490214
6.0809998512268	-1.9021444778006
6.0879998207092	-1.8997972572405
6.0949997901917	-1.8974812407426
6.1020002365112	-1.8951962513167
6.1090002059937	-1.8929427044452
6.1160001754761	-1.8907190123690
6.1230001449585	-1.8885261099907
6.1300001144409	-1.8863634281141
6.1370000839233	-1.8842321650361
6.1440000534058	-1.8821296075523
6.1510000228882	-1.8800594260612
6.1579999923706	-1.8780201162811
6.1649999618530	-1.8760091035458
6.1719999313354	-1.8740313587081
6.1789999008179	-1.8720813674084
6.1859998703003	-1.8701638220738
6.1929998397827	-1.8682750658379
6.1999998092651	-1.8664172039539
6.2069997787476	-1.8645898587055
6.2140002250671	-1.8627923532072
6.2210001945496	-1.8610262073019
6.2280001640320	-1.8592898031327
6.2350001335144	-1.8575832917503
6.2420001029968	-1.8559067163251
6.2490000724792	-1.8542620885201
6.2560000419617	-1.8526465131825
6.2630000114441	-1.8510603775310
6.2699999809265	-1.8495040979390
6.2769999504089	-1.8479790412551
6.2839999198914	-1.8464818974480
6.2909998893738	-1.8450169074398
6.2979998588562	-1.8435814127094
6.3049998283386	-1.8421752990309
6.3119997978210	-1.8408015191060
6.3189997673035	-1.8394561485831
6.3260002136230	-1.8381392845220
6.3330001831055	-1.8368537144061
6.3400001525879	-1.8355965476324
6.3470001220703	-1.8343719539451
6.3540000915527	-1.8331751328921
6.3610000610352	-1.8320091220533
6.3680000305176	-1.8308720402443
6.3750000000000	-1.8297644075953
6.3819999694824	-1.8286889868624
6.3889999389648	-1.8276403386398
6.3959999084473	-1.8266245148383
6.4029998779297	-1.8256362163735
6.4099998474121	-1.8246793432645
6.4169998168945	-1.8237513462939
6.4239997863770	-1.8228516291796
6.4310002326965	-1.8219833329754
6.4380002021790	-1.8211448840711
6.4450001716614	-1.8203357360478
6.4520001411438	-1.8195564478025
6.4590001106262	-1.8188075097198
6.4660000801086	-1.8180880857540
6.4730000495911	-1.8173982227503
6.4800000190735	-1.8167369603051
6.4869999885559	-1.8161068895883
6.4939999580383	-1.8155059459741
6.5009999275208	-1.8149346137480
6.5079998970032	-1.8143926398007
6.5149998664856	-1.8138808702314
6.5219998359680	-1.8133987043033
6.5289998054504	-1.8129453409292
6.5359997749329	-1.8125227596247
6.5430002212524	-1.8121298097699
6.5500001907349	-1.8117656254322
6.5570001602173	-1.8114325206004
6.5640001296997	-1.8111272291639
6.5710000991821	-1.8108522021309
6.5780000686646	-1.8106069647300
6.5850000381470	-1.8103913209170
6.5920000076294	-1.8102060007843
6.5989999771118	-1.8100494164702
6.6059999465942	-1.8099225654679
6.6129999160767	-1.8098245289009
6.6199998855591	-1.8097575463821
6.6269998550415	-1.8097190241550
6.6339998245239	-1.8097097152496
6.6409997940063	-1.8097308538179
6.6479997634888	-1.8097801155923
6.6550002098083	-1.8098602103897
6.6620001792908	-1.8099681514255
6.6690001487732	-1.8101063503373
6.6760001182556	-1.8102749617142
6.6830000877380	-1.8104708653216
6.6900000572205	-1.8106974803309
6.6970000267029	-1.8109528023471
6.7039999961853	-1.8112372800221
6.7109999656677	-1.8115509575059
6.7179999351501	-1.8118939190449
6.7249999046326	-1.8122664417707
6.7319998741150	-1.8126671327349
6.7389998435974	-1.8130969982005
6.7459998130798	-1.8135554802772
6.7529997825623	-1.8140433407417
6.7600002288818	-1.8145603257871
6.7670001983643	-1.8151066324149
6.7740001678467	-1.8156810075290
6.7810001373291	-1.8162832541303
6.7880001068115	-1.8169145347014
6.7950000762939	-1.8175755330881
6.8020000457764	-1.8182655805682
6.8090000152588	-1.8189820421690
6.8159999847412	-1.8197281961619
6.8229999542236	-1.8205026022579
6.8299999237061	-1.8213057272500
6.8369998931885	-1.8221365590903
6.8439998626709	-1.8229946982952
6.8509998321533	-1.8238821734645
6.8579998016357	-1.8247979755461
6.8649997711182	-1.8257408506214
6.8720002174377	-1.8267108233860
6.8790001869202	-1.8277106404579
6.8860001564026	-1.8287359392500
6.8930001258850	-1.8297906447264
6.9000000953674	-1.8308726170586
6.9070000648499	-1.8319807166143
6.9140000343323	-1.8331159170632
6.9210000038147	-1.8342798657072
6.9279999732971	-1.8354702005077
6.9349999427795	-1.8366877986636
6.9419999122620	-1.8379328560056
6.9489998817444	-1.8392038534693
6.9559998512268	-1.8405023215052
6.9629998207092	-1.8418258729461
6.9699997901917	-1.8431774337589
6.9770002365112	-1.8445551542262
6.9840002059937	-1.8459591718961
6.9910001754761	-1.8473906307054
6.9980001449585	-1.8488460354090
7.0050001144409	-1.8503279542070
7.0120000839233	-1.8518366157835
7.0190000534058	-1.8533702146445
7.0260000228882	-1.8549303489355
7.0329999923706	-1.8565150044490
7.0399999618530	-1.8581259760149
7.0469999313354	-1.8597614415623
7.0539999008179	-1.8614220993847
7.0609998703003	-1.8631085352776
7.0679998397827	-1.8648193958000
7.0749998092651	-1.8665550430005
7.0819997787476	-1.8683156287562
7.0890002250671	-1.8701015139801
7.0960001945496	-1.8719101942047
7.1030001640320	-1.8737445865573
7.1100001335144	-1.8756024398210
7.1170001029968	-1.8774849069075
7.1240000724792	-1.8793916773382
7.1310000419617	-1.8813206027281
7.1380000114441	-1.8832744155431
7.1449999809265	-1.8852513242723
7.1519999504089	-1.8872514579759
7.1589999198914	-1.8892753768829
7.1659998893738	-1.8913219540160
7.1729998588562	-1.8933926653209
7.1799998283386	-1.8954851852925
7.1869997978210	-1.8976010743713
7.1939997673035	-1.8997392716204
7.2010002136230	-1.9018999430209
7.2080001831055	-1.9040825569959
7.2150001525879	-1.9062875226049
7.2220001220703	-1.9085156713186
7.2290000915527	-1.9107648098743
7.2360000610352	-1.9130359863767
7.2430000305176	-1.9153288533934
7.2500000000000	-1.9176427841935
7.2569999694824	-1.9199798079219
7.2639999389648	-1.9223366290373
7.2709999084473	-1.9247158392955
7.2779998779297	-1.9271147578698
7.2849998474121	-1.9295358632118
7.2919998168945	-1.9319781175735
7.2989997863770	-1.9344399903723
7.3060002326965	-1.9369221871874
7.3130002021790	-1.9394253872908
7.3200001716614	-1.9419489237961
7.3270001411438	-1.9444932795219
7.3340001106262	-1.9470562463453
7.3410000801086	-1.9496406811446
7.3480000495911	-1.9522435454805
7.3550000190735	-1.9548668261358
7.3619999885559	-1.9575098573658
7.3689999580383	-1.9601724883298
7.3759999275208	-1.9628531719939
7.3829998970032	-1.9655541416066
7.3899998664856	-1.9682742768603
7.3969998359680	-1.9710129928946
7.4039998054504	-1.9737708893595
7.4109997749329	-1.9765478055591
7.4180002212524	-1.9793421555674
7.4250001907349	-1.9821548521664
7.4320001602173	-1.9849872877716
7.4390001296997	-1.9878375539264
7.4460000991821	-1.9907048468260
7.4530000686646	-1.9935915720692
7.4600000381470	-1.9964959550744
7.4670000076294	-1.9994175636560
7.4739999771118	-2.0023563240668
7.4809999465942	-2.0053134853279
7.4879999160767	-2.0082880109506
7.4949998855591	-2.0112788629475
7.5019998550415	-2.0142880369477
7.5089998245239	-2.0173135102462
7.5159997940063	-2.0203557370141
7.5229997634888	-2.0234161322700
7.5300002098083	-2.0264922652961
7.5370001792908	-2.0295853628012
7.5440001487732	-2.0326946626151
7.5510001182556	-2.0358203534622
7.5580000877380	-2.0389620948870
7.5650000572205	-2.0421203797493
7.5720000267029	-2.0452939193259
7.5789999961853	-2.0484837184958
7.5859999656677	-2.0516882629322
7.5929999351501	-2.0549098879263
7.5999999046326	-2.0581472858325
7.6069998741150	-2.0613986745603
7.6139998435974	-2.0646654545219
7.6209998130798	-2.0679485197507
7.6279997825623	-2.0712456796156
7.6350002288818	-2.0745577181512
7.6420001983643	-2.0778834425986
7.6490001678467	-2.0812247658790
7.6560001373291	-2.0845804431914
7.6630001068115	-2.0879506837346
7.6700000762939	-2.0913344203078
7.6770000457764	-2.0947333393033
7.6840000152588	-2.0981449447249
7.6909999847412	-2.1015701721490
7.6979999542236	-2.1050106677259
7.7049999237061	-2.1084635750787
7.7119998931885	-2.1119293621101
7.7189998626709	-2.1154086356763
7.7259998321533	-2.1189010919180
7.7329998016357	-2.1224063744103
7.7399997711182	-2.1259242863199
7.7470002174377	-2.1294537136351
7.7540001869202	-2.1329968225188
7.7610001564026	-2.1365525904238
7.7680001258850	-2.1401191766870
7.7750000953674	-2.1436974789929
7.7820000648499	-2.1472886360971
7.7890000343323	-2.1508909470260
7.7960000038147	-2.1545031817402
7.8029999732971	-2.1581288914118
7.8099999427795	-2.1617639372496
7.8169999122620	-2.1654108824445
7.8239998817444	-2.1690675903847
7.8309998512268	-2.1727346710466
7.8379998207092	-2.1764116359927
7.8449997901917	-2.1800996052599
7.8520002365112	-2.1837973011149
7.8590002059937	-2.1875057193438
7.8660001754761	-2.1912223077663
7.8730001449585	-2.1949478299491
7.8800001144409	-2.1986828346648
7.8870000839233	-2.2024270823785
7.8940000534058	-2.2061788026663
7.9010000228882	-2.2099401922801
7.9079999923706	-2.2137083755264
7.9149999618530	-2.2174851549875
7.9219999313354	-2.2212697605746
7.9289999008179	-2.2250617382304
7.9359998703003	-2.2288610360223
7.9429998397827	-2.2326672152341
7.9499998092651	-2.2364799698745
7.9569997787476	-2.2403002609668
7.9640002250671	-2.2441255845088
7.9710001945496	-2.2479574781399
7.9780001640320	-2.2517952104535
7.9850001335144	-2.2556378906112
7.9920001029968	-2.2594864252630
7.9990000724792	-2.2633400248845
8.0059995651245	-2.2671984139817
8.0129995346069	-2.2710614778838
8.0200004577637	-2.2749273353110
8.0270004272461	-2.2787985709045
8.0340003967285	-2.2826737465903
8.0410003662109	-2.2865519120633
8.0480003356934	-2.2904326176189
8.0550003051758	-2.2943169723878
8.0620002746582	-2.2982033914546
8.0690002441406	-2.3020926753605
8.0760002136230	-2.3059845045380
8.0830001831055	-2.3098778182115
8.0900001525879	-2.3137713095275
8.0970001220703	-2.3176666343981
8.1040000915527	-2.3215632306813
8.1110000610352	-2.3254601871253
8.1180000305176	-2.3293588237995
8.1250000000000	-2.3332551890164
8.1319999694824	-2.3371526660796
8.1389999389648	-2.3410490231026
8.1459999084473	-2.3449458580105
8.1529998779297	-2.3488405403813
8.1599998474121	-2.3527336291236
8.1669998168945	-2.3566252786150
8.1739997863770	-2.3605154536220
8.1809997558594	-2.3644020768125
8.1879997253418	-2.3682881362478
8.1949996948242	-2.3721700385745
8.2019996643066	-2.3760481188465
8.2089996337891	-2.3799243631987
8.2159996032715	-2.3837958902068
8.2229995727539	-2.3876627425526
8.2299995422363	-2.3915275821291
8.2370004653931	-2.3953857955918
8.2440004348755	-2.3992404874000
8.2510004043579	-2.4030888287134
8.2580003738403	-2.4069327806568
8.2650003433228	-2.4107707702999
8.2720003128052	-2.4146027740249
8.2790002822876	-2.4184281516231
8.2860002517700	-2.4222469460637
8.2930002212524	-2.4260599589442
8.3000001907349	-2.4298655421700
8.3070001602173	-2.4336632710511
8.3140001296997	-2.4374540757898
8.3210000991821	-2.4412363051732
8.3280000686646	-2.4450114032024
8.3350000381470	-2.4487783440720
8.3420000076294	-2.4525356247102
8.3489999771118	-2.4562852300813
8.3559999465942	-2.4600246358331
8.3629999160767	-2.4637559867994
8.3699998855591	-2.4674769356485
8.3769998550415	-2.4711890544157
8.3839998245239	-2.4748903226160
8.3909997940063	-2.4785827513469
8.3979997634888	-2.4822633699584
8.4049997329712	-2.4859350259278
8.4119997024536	-2.4895950201652
8.4189996719360	-2.4932435032339
8.4259996414185	-2.4968819357127
8.4329996109009	-2.5005083415819
8.4399995803833	-2.5041227023111
8.4469995498657	-2.5077273491907
8.4540004730225	-2.5113182897516
8.4610004425049	-2.5148972543484
8.4680004119873	-2.5184646137565
8.4750003814697	-2.5220199475378
8.4820003509521	-2.5255634348343
8.4890003204346	-2.5290948662864
8.4960002899170	-2.5326126299270
8.5030002593994	-2.5361178296847
8.5100002288818	-2.5396099925218
8.5170001983643	-2.5430886081810
8.5240001678467	-2.5465552568367
8.5310001373291	-2.5500078248334
8.5380001068115	-2.5534473157740
8.5450000762939	-2.5568730345699
8.5520000457764	-2.5602853472887
8.5590000152588	-2.5636850661176
8.5659999847412	-2.5670687146518
8.5729999542236	-2.5704403758773
8.5799999237061	-2.5737986696832
8.5869998931885	-2.5771432362272
8.5939998626709	-2.5804726800981
8.6009998321533	-2.5837893304161
8.6079998016357	-2.5870923170788
8.6149997711182	-2.5903805306836
8.6219997406006	-2.5936548248129
8.6289997100830	-2.5969163848101
8.6359996795654	-2.6001631473514
8.6429996490479	-2.6033956473030
8.6499996185303	-2.6066150742450
8.6569995880127	-2.6098185848407
8.6639995574951	-2.6130103792105
8.6709995269775	-2.6161886258657
8.6780004501343	-2.6193507411014
8.6850004196167	-2.6225001464514
8.6920003890991	-2.6256354359143
8.6990003585815	-2.6287568884515
8.7060003280640	-2.6318652378907
8.7130002975464	-2.6349594758044
8.7200002670288	-2.6380389694289
8.7270002365112	-2.6411060934686
8.7340002059937	-2.6441612463512
8.7410001754761	-2.6472014643431
8.7480001449585	-2.6502286094348
8.7550001144409	-2.6532416859447
8.7620000839233	-2.6562416473301
8.7690000534058	-2.6592303638267
8.7760000228882	-2.6622041875968
8.7829999923706	-2.6651657552094
8.7899999618530	-2.6681138719480
8.7969999313354	-2.6710493956707
8.8039999008179	-2.6739721602336
8.8109998703003	-2.6768834514726
8.8179998397827	-2.6797804145837
8.8249998092651	-2.6826664575536
8.8319997787476	-2.6855404001587
8.8389997482300	-2.6884016379806
8.8459997177124	-2.6912508567018
8.8529996871948	-2.6940883900206
8.8599996566772	-2.6969134444945
8.8669996261597	-2.6997275057955
8.8739995956421	-2.7025292892846
8.8809995651245	-2.7053208338491
8.8879995346069	-2.7080999403105
8.8950004577637	-2.7108677766228
8.9020004272461	-2.7136238658526
8.9090003967285	-2.7163697036569
8.9160003662109	-2.7191054833407
8.9230003356934	-2.7218290516801
8.9300003051758	-2.7245427767106
8.9370002746582	-2.7272450593821
8.9440002441406	-2.7299371688484
8.9510002136230	-2.7326190197804
8.9580001831055	-2.7352889386151
8.9650001525879	-2.7379514011001
8.9720001220703	-2.7406014677708
8.9790000915527	-2.7432415304670
8.9860000610352	-2.7458736829950
8.9930000305176	-2.7484943939604
9.0000000000000	-2.7511045378200
