#Parameters = {L=90; W=90; d=0.8; d_antenna=50; gap=50; gap_volt_1=50; height_plate=120; my_die=5; r_aperature=10; t=0.035; t_bone=16; t_fat=10; t_muscle=20; t_plate=1; t_skin=2; voltage_monitor1=40; voltage_monitor2=200; width_plate=120}
#"Frequency / GHz"	"S1,1 [Magnitude / dB]"
#-----------------------------------------
2.0000000000000	-8.1975782800638
2.0069999694824	-8.1556385592322
2.0139999389648	-8.1138360080229
2.0209999084473	-8.0723514065999
2.0280001163483	-8.0313548809927
2.0350000858307	-7.9910100936009
2.0420000553131	-7.9514687086744
2.0490000247955	-7.9128651009796
2.0559999942780	-7.8753207364999
2.0629999637604	-7.8389366777327
2.0699999332428	-7.8037950510691
2.0769999027252	-7.7699601537751
2.0840001106262	-7.7374763718623
2.0910000801086	-7.7063711906505
2.0980000495911	-7.6766528538781
2.1050000190735	-7.6483190888827
2.1119999885559	-7.6213503639368
2.1189999580383	-7.5957208453355
2.1259999275208	-7.5713952569403
2.1329998970032	-7.5483358702285
2.1400001049042	-7.5265012052435
2.1470000743866	-7.5058546286393
2.1540000438690	-7.4863609131970
2.1610000133514	-7.4679932174576
2.1679999828339	-7.4507317095391
2.1749999523163	-7.4345687451331
2.1819999217987	-7.4195047405275
2.1889998912811	-7.4055533749014
2.1960000991821	-7.3927401770460
2.2030000686646	-7.3811015762415
2.2100000381470	-7.3706830624875
2.2170000076294	-7.3615398574296
2.2239999771118	-7.3537309694575
2.2309999465942	-7.3473207035165
2.2379999160767	-7.3423766921077
2.2449998855591	-7.3389614716000
2.2520000934601	-7.3371402013973
2.2590000629425	-7.3369650958650
2.2660000324249	-7.3384882923966
2.2730000019073	-7.3417431480662
2.2799999713898	-7.3467570781744
2.2869999408722	-7.3535438151116
2.2939999103546	-7.3621025752773
2.3010001182556	-7.3724171547297
2.3080000877380	-7.3844606537617
2.3150000572205	-7.3981915861471
2.3220000267029	-7.4135566911025
2.3289999961853	-7.4304932354658
2.3359999656677	-7.4489288498236
2.3429999351501	-7.4687869288463
2.3499999046326	-7.4899880816212
2.3570001125336	-7.5124514936946
2.3640000820160	-7.5360969652131
2.3710000514984	-7.5608523250002
2.3780000209808	-7.5866520640136
2.3849999904633	-7.6134372914628
2.3919999599457	-7.6411656129146
2.3989999294281	-7.6698034097531
2.4059998989105	-7.6993346624639
2.4130001068115	-7.7297536010318
2.4200000762939	-7.7610715735218
2.4270000457764	-7.7933128384606
2.4340000152588	-7.8265140892139
2.4409999847412	-7.8607236763602
2.4479999542236	-7.8959934759011
2.4549999237061	-7.9323862391317
2.4619998931885	-7.9699673193848
2.4690001010895	-8.0087964566897
2.4760000705719	-8.0489402120669
2.4830000400543	-8.0904461724246
2.4900000095367	-8.1333620296898
2.4969999790192	-8.1777198930384
2.5039999485016	-8.2235379889839
2.5109999179840	-8.2708124598053
2.5179998874664	-8.3195250126192
2.5250000953674	-8.3696347864413
2.5320000648499	-8.4210809099973
2.5390000343323	-8.4737766303084
2.5460000038147	-8.5276183202371
2.5529999732971	-8.5824738525486
2.5599999427795	-8.6381973639799
2.5669999122620	-8.6946181019365
2.5739998817444	-8.7515526912705
2.5810000896454	-8.8088033669911
2.5880000591278	-8.8661607279708
2.5950000286102	-8.9234071709138
2.6019999980927	-8.9803232730260
2.6089999675751	-9.0366903968717
2.6159999370575	-9.0922936482882
2.6229999065399	-9.1469297253158
2.6300001144409	-9.2004061514589
2.6370000839233	-9.2525506817970
2.6440000534058	-9.3032101174665
2.6510000228882	-9.3522580083082
2.6579999923706	-9.3995947834534
2.6649999618530	-9.4451467663712
2.6719999313354	-9.4888727602863
2.6789999008179	-9.5307648505471
2.6860001087189	-9.5708359383727
2.6930000782013	-9.6091360651623
2.7000000476837	-9.6457359908578
2.7070000171661	-9.6807275065224
2.7139999866486	-9.7142259907259
2.7209999561310	-9.7463515039566
2.7279999256134	-9.7772389942899
2.7349998950958	-9.8070258728789
2.7420001029968	-9.8358424934403
2.7490000724792	-9.8638181361095
2.7560000419617	-9.8910611618543
2.7630000114441	-9.9176660028397
2.7699999809265	-9.9437068533345
2.7769999504089	-9.9692273408211
2.7839999198914	-9.9942483876000
2.7909998893738	-10.018756108171
2.7980000972748	-10.042712740340
2.8050000667572	-10.066048408205
2.8120000362396	-10.088665939072
2.8190000057220	-10.110448801997
2.8259999752045	-10.131262074544
2.8329999446869	-10.150956639194
2.8399999141693	-10.169379401333
2.8469998836517	-10.186381057135
2.8540000915527	-10.201820919857
2.8610000610352	-10.215578351390
2.8680000305176	-10.227557933389
2.8750000000000	-10.237697718698
2.8819999694824	-10.245977669765
2.8889999389648	-10.252418181765
2.8959999084473	-10.257086087902
2.9030001163483	-10.260100200059
2.9100000858307	-10.261617609639
2.9170000553131	-10.261842244735
2.9240000247955	-10.261014127056
2.9309999942780	-10.259397869978
2.9379999637604	-10.257278310180
2.9449999332428	-10.254952024804
2.9519999027252	-10.252706327223
2.9590001106262	-10.250816796794
2.9660000801086	-10.249530596099
2.9730000495911	-10.249057021740
2.9800000190735	-10.249556978750
2.9869999885559	-10.251134384635
2.9939999580383	-10.253824898450
3.0009999275208	-10.257599184960
3.0079998970032	-10.262351956603
3.0150001049042	-10.267907299114
3.0220000743866	-10.274019130131
3.0290000438690	-10.280381321364
3.0360000133514	-10.286634762876
3.0429999828339	-10.292383737839
3.0499999523163	-10.297208852913
3.0569999217987	-10.300689600152
3.0639998912811	-10.302425140828
3.0710000991821	-10.302058303660
3.0780000686646	-10.299297326095
3.0850000381470	-10.293939644411
3.0920000076294	-10.285892789731
3.0989999771118	-10.275193970579
3.1059999465942	-10.262015872123
3.1129999160767	-10.246681960732
3.1199998855591	-10.229663287320
3.1270000934601	-10.211581380914
3.1340000629425	-10.193192790996
3.1410000324249	-10.175378527290
3.1480000019073	-10.159125481714
3.1549999713898	-10.145512869791
3.1619999408722	-10.135685451628
3.1689999103546	-10.130836288052
3.1760001182556	-10.132187567916
3.1830000877380	-10.140972155486
3.1900000572205	-10.158418693284
3.1970000267029	-10.185739107793
3.2039999961853	-10.224117271744
3.2109999656677	-10.274705687509
3.2179999351501	-10.338614250391
3.2249999046326	-10.416912898358
3.2320001125336	-10.510626993257
3.2390000820160	-10.620739044374
3.2460000514984	-10.748192091119
3.2530000209808	-10.893887101067
3.2599999904633	-11.058689254051
3.2669999599457	-11.243427868909
3.2739999294281	-11.448904064174
3.2809998989105	-11.675883034460
3.2880001068115	-11.925105734894
3.2950000762939	-12.197276047944
3.3020000457764	-12.493070434328
3.3090000152588	-12.813124025544
3.3159999847412	-13.158022068938
3.3229999542236	-13.528292654269
3.3299999237061	-13.924380819087
3.3369998931885	-14.346625811269
3.3440001010895	-14.795218166308
3.3510000705719	-15.270154030317
3.3580000400543	-15.771160042444
3.3650000095367	-16.297603882392
3.3719999790192	-16.848368711606
3.3789999485016	-17.421701027334
3.3859999179840	-18.014999329241
3.3929998874664	-18.624581242986
3.4000000953674	-19.245390752931
3.4070000648499	-19.870692220217
3.4140000343323	-20.491793221102
3.4210000038147	-21.097870829356
3.4279999732971	-21.676036056239
3.4349999427795	-22.211787261849
3.4419999122620	-22.689982795998
3.4489998817444	-23.096342500006
3.4560000896454	-23.419261694717
3.4630000591278	-23.651474516132
3.4700000286102	-23.791044204535
3.4769999980927	-23.841283549164
3.4839999675751	-23.809688676499
3.4909999370575	-23.706282515046
3.4979999065399	-23.541937143946
3.5050001144409	-23.327077914976
3.5120000839233	-23.070927539248
3.5190000534058	-22.781239727918
3.5260000228882	-22.464380667820
3.5329999923706	-22.125570073221
3.5399999618530	-21.769177316709
3.5469999313354	-21.398992537290
3.5539999008179	-21.018417075279
3.5610001087189	-20.630590340962
3.5680000782013	-20.238453366627
3.5750000476837	-19.844752730038
3.5820000171661	-19.452039110679
3.5889999866486	-19.062628513644
3.5959999561310	-18.678587515551
3.6029999256134	-18.301701316418
3.6099998950958	-17.933475631888
3.6170001029968	-17.575129982464
3.6240000724792	-17.227601807522
3.6310000419617	-16.891578862520
3.6380000114441	-16.567502142500
3.6449999809265	-16.255602993783
3.6519999504089	-15.955924431110
3.6589999198914	-15.668346401064
3.6659998893738	-15.392614160552
3.6730000972748	-15.128363575073
3.6800000667572	-14.875142485996
3.6870000362396	-14.632436394928
3.6940000057220	-14.399688514873
3.7009999752045	-14.176315699876
3.7079999446869	-13.961733528997
3.7149999141693	-13.755364335190
3.7219998836517	-13.556656992700
3.7290000915527	-13.365097328109
3.7360000610352	-13.180214531685
3.7430000305176	-13.001594686041
3.7500000000000	-12.828879869136
3.7569999694824	-12.661772717474
3.7639999389648	-12.500044063885
3.7709999084473	-12.343516566538
3.7780001163483	-12.192074449197
3.7850000858307	-12.045651638390
3.7920000553131	-11.904226363540
3.7990000247955	-11.767815048006
3.8059999942780	-11.636461981466
3.8129999637604	-11.510231903035
3.8199999332428	-11.389204948688
3.8269999027252	-11.273461876097
3.8340001106262	-11.163085399555
3.8410000801086	-11.058146979036
3.8480000495911	-10.958705567036
3.8550000190735	-10.864802613671
3.8619999885559	-10.776457661190
3.8689999580383	-10.693668151086
3.8759999275208	-10.616409861183
3.8829998970032	-10.544633958730
3.8900001049042	-10.478267268120
3.8970000743866	-10.417223430293
3.9040000438690	-10.361394805686
3.9110000133514	-10.310660572224
3.9179999828339	-10.264889522613
3.9249999523163	-10.223948283720
3.9319999217987	-10.187701796342
3.9389998912811	-10.156016621224
3.9460000991821	-10.128769032738
3.9530000686646	-10.105847150064
3.9600000381470	-10.087152991067
3.9670000076294	-10.072607907545
3.9739999771118	-10.062156683534
3.9809999465942	-10.055761017241
3.9879999160767	-10.053412018464
3.9949998855591	-10.055119724579
4.0019998550415	-10.060926556448
4.0089998245239	-10.070886707939
4.0159997940063	-10.085083532103
4.0229997634888	-10.103616384632
4.0300002098083	-10.126599313100
4.0370001792908	-10.154165018291
4.0440001487732	-10.186453193970
4.0510001182556	-10.223614195888
4.0580000877380	-10.265806802991
4.0650000572205	-10.313184522447
4.0720000267029	-10.365913400233
4.0789999961853	-10.424150559399
4.0859999656677	-10.488053380288
4.0929999351501	-10.557782802096
4.0999999046326	-10.633491621518
4.1069998741150	-10.715333260491
4.1139998435974	-10.803462840927
4.1209998130798	-10.898035156104
4.1279997825623	-10.999209602486
4.1350002288818	-11.107149977197
4.1420001983643	-11.222032499297
4.1490001678467	-11.344041684256
4.1560001373291	-11.473385865372
4.1630001068115	-11.610288588355
4.1700000762939	-11.754998924379
4.1770000457764	-11.907794072823
4.1840000152588	-12.068986229968
4.1909999847412	-12.238925747784
4.1979999542236	-12.417999326938
4.2049999237061	-12.606645738431
4.2119998931885	-12.805348499984
4.2189998626709	-13.014646463543
4.2259998321533	-13.235138427367
4.2329998016357	-13.467484786872
4.2399997711182	-13.712413220075
4.2470002174377	-13.970726375258
4.2540001869202	-14.243305919606
4.2610001564026	-14.531122705328
4.2680001258850	-14.835242167023
4.2750000953674	-15.156838744823
4.2820000648499	-15.497213294114
4.2890000343323	-15.857795923268
4.2960000038147	-16.240187368562
4.3029999732971	-16.646162292983
4.3099999427795	-17.077720708641
4.3169999122620	-17.537110226681
4.3239998817444	-18.026884006052
4.3309998512268	-18.549955884725
4.3379998207092	-19.109664323502
4.3449997901917	-19.709860163965
4.3520002365112	-20.354994340886
4.3590002059937	-21.050218680884
4.3660001754761	-21.801466356170
4.3730001449585	-22.615478593116
4.3800001144409	-23.499665385581
4.3870000839233	-24.461575856124
4.3940000534058	-25.507442168957
4.4010000228882	-26.638638265487
4.4079999923706	-27.843636680807
4.4149999618530	-29.081115100503
4.4219999313354	-30.250385218364
4.4289999008179	-31.161924672018
4.4359998703003	-31.572002272777
4.4429998397827	-31.345083640553
4.4499998092651	-30.586757100847
4.4569997787476	-29.537394332403
4.4640002250671	-28.397981787258
4.4710001945496	-27.279477943395
4.4780001640320	-26.228747707129
4.4850001335144	-25.259653981379
4.4920001029968	-24.371536982789
4.4990000724792	-23.558174107527
4.5060000419617	-22.811756119456
4.5130000114441	-22.124539145760
4.5199999809265	-21.489462230140
4.5269999504089	-20.900321476405
4.5339999198914	-20.351761236473
4.5409998893738	-19.839190500200
4.5479998588562	-19.358681307292
4.5549998283386	-18.906877132572
4.5619997978210	-18.480903668794
4.5689997673035	-18.078290052763
4.5760002136230	-17.696906660851
4.5830001831055	-17.334911678224
4.5900001525879	-16.990700045975
4.5970001220703	-16.662871852655
4.6040000915527	-16.350194954399
4.6110000610352	-16.051578251663
4.6180000305176	-15.766049707557
4.6250000000000	-15.492736465744
4.6319999694824	-15.230848482453
4.6389999389648	-14.979665648164
4.6459999084473	-14.738524831461
4.6529998779297	-14.506819553635
4.6599998474121	-14.283975976113
4.6669998168945	-14.069466204332
4.6739997863770	-13.862789835649
4.6810002326965	-13.663479148723
4.6880002021790	-13.471091649276
4.6950001716614	-13.285212874589
4.7020001411438	-13.105452546193
4.7090001106262	-12.931446322339
4.7160000801086	-12.762854843533
4.7230000495911	-12.599361400724
4.7300000190735	-12.440679993365
4.7369999885559	-12.286543840394
4.7439999580383	-12.136715804863
4.7509999275208	-11.990982620107
4.7579998970032	-11.849156536957
4.7649998664856	-11.711073504661
4.7719998359680	-11.576594041938
4.7789998054504	-11.445598957836
4.7859997749329	-11.317986323732
4.7930002212524	-11.193679713224
4.8000001907349	-11.072609603262
4.8070001602173	-10.954725711022
4.8140001296997	-10.839988160087
4.8210000991821	-10.728360951537
4.8280000686646	-10.619819031452
4.8350000381470	-10.514339569228
4.8420000076294	-10.411894443629
4.8489999771118	-10.312464719344
4.8559999465942	-10.216019328709
4.8629999160767	-10.122529093051
4.8699998855591	-10.031953325017
4.8769998550415	-9.9442511545403
4.8839998245239	-9.8593688148898
4.8909997940063	-9.7772494903880
4.8979997634888	-9.6978289685215
4.9050002098083	-9.6210347807099
4.9120001792908	-9.5467916421633
4.9190001487732	-9.4750192522951
4.9260001182556	-9.4056344868384
4.9330000877380	-9.3385526133511
4.9400000572205	-9.2736915779033
4.9470000267029	-9.2109690850995
4.9539999961853	-9.1503084577663
4.9609999656677	-9.0916387549268
4.9679999351501	-9.0348959235601
4.9749999046326	-8.9800236254085
4.9819998741150	-8.9269761699756
4.9889998435974	-8.8757193807905
4.9959998130798	-8.8262268791450
5.0029997825623	-8.7784851353037
5.0100002288818	-8.7324947551641
5.0170001983643	-8.6882591901459
5.0240001678467	-8.6458005969321
5.0310001373291	-8.6051438752086
5.0380001068115	-8.5663234628910
5.0450000762939	-8.5293807480001
5.0520000457764	-8.4943615495382
5.0590000152588	-8.4613146953500
5.0659999847412	-8.4302873010372
5.0729999542236	-8.4013305807821
5.0799999237061	-8.3744939475267
5.0869998931885	-8.3498207529326
5.0939998626709	-8.3273537766023
5.1009998321533	-8.3071280773404
5.1079998016357	-8.2891762249054
5.1149997711182	-8.2735217055231
5.1220002174377	-8.2601828478609
5.1290001869202	-8.2491742132102
5.1360001564026	-8.2405015683537
5.1430001258850	-8.2341693797405
5.1500000953674	-8.2301765004030
5.1570000648499	-8.2285179485101
5.1640000343323	-8.2291905465972
5.1710000038147	-8.2321889798665
5.1779999732971	-8.2375091557381
5.1849999427795	-8.2451495793741
5.1919999122620	-8.2551136568509
5.1989998817444	-8.2674110112455
5.2059998512268	-8.2820558460962
5.2129998207092	-8.2990713414093
5.2199997901917	-8.3184888539819
5.2270002365112	-8.3403469985791
5.2340002059937	-8.3646936156833
5.2410001754761	-8.3915885636929
5.2480001449585	-8.4210953343255
5.2550001144409	-8.4532888509306
5.2620000839233	-8.4882498152062
5.2690000534058	-8.5260665122752
5.2760000228882	-8.5668312166001
5.2829999923706	-8.6106387770798
5.2899999618530	-8.6575921266078
5.2969999313354	-8.7077895268832
5.3039999008179	-8.7613335972111
5.3109998703003	-8.8183240967722
5.3179998397827	-8.8788600816378
5.3249998092651	-8.9430386078919
5.3319997787476	-9.0109510219207
5.3390002250671	-9.0826868985026
5.3460001945496	-9.1583333911854
5.3530001640320	-9.2379715222114
5.3600001335144	-9.3216809487793
5.3670001029968	-9.4095400862581
5.3740000724792	-9.5016241079260
5.3810000419617	-9.5980113576303
5.3880000114441	-9.6987786336520
5.3949999809265	-9.8040101266055
5.4019999504089	-9.9137918570169
5.4089999198914	-10.028221139994
5.4159998893738	-10.147402410789
5.4229998588562	-10.271452991331
5.4299998283386	-10.400507755246
5.4369997978210	-10.534712281819
5.4439997673035	-10.674235488590
5.4510002136230	-10.819265562371
5.4580001831055	-10.970014040529
5.4650001525879	-11.126714990551
5.4720001220703	-11.289629680676
5.4790000915527	-11.459051530815
5.4860000610352	-11.635297902089
5.4930000305176	-11.818720982103
5.5000000000000	-12.009703371049
5.5069999694824	-12.208663485506
5.5139999389648	-12.416058932369
5.5209999084473	-12.632382624181
5.5279998779297	-12.858171587785
5.5349998474121	-13.094010049965
5.5419998168945	-13.340530065021
5.5489997863770	-13.598423063709
5.5560002326965	-13.868438187200
5.5630002021790	-14.151402385586
5.5700001716614	-14.448219449796
5.5770001411438	-14.759889837859
5.5840001106262	-15.087527104301
5.5910000801086	-15.432371987855
5.5980000495911	-15.795819086216
5.6050000190735	-16.179454913987
5.6119999885559	-16.585080775579
5.6189999580383	-17.014771367240
5.6259999275208	-17.470928441290
5.6329998970032	-17.956359673574
5.6399998664856	-18.474375376433
5.6469998359680	-19.028912945871
5.6539998054504	-19.624708804686
5.6609997749329	-20.267531221726
5.6680002212524	-20.964473261067
5.6750001907349	-21.724402906490
5.6820001602173	-22.558568006498
5.6890001296997	-23.481476818781
5.6960000991821	-24.512192503861
5.7030000686646	-25.676231757106
5.7100000381470	-27.008309692770
5.7170000076294	-28.555802128878
5.7239999771118	-30.380698160306
5.7309999465942	-32.545658102262
5.7379999160767	-35.007795518250
5.7449998855591	-37.136625131486
5.7519998550415	-37.238727154422
5.7589998245239	-35.211956521096
5.7659997940063	-32.766325660798
5.7729997634888	-30.603452811436
5.7800002098083	-28.783923109813
5.7870001792908	-27.246970205098
5.7940001487732	-25.929866495068
5.8010001182556	-24.784360201957
5.8080000877380	-23.775079192314
5.8150000572205	-22.876035854648
5.8220000267029	-22.067838878414
5.8289999961853	-21.335730695719
5.8359999656677	-20.668270636022
5.8429999351501	-20.056425886429
5.8499999046326	-19.492943415448
5.8569998741150	-18.971913929107
5.8639998435974	-18.488454579141
5.8709998130798	-18.038477778193
5.8779997825623	-17.618526598873
5.8850002288818	-17.225641013918
5.8920001983643	-16.857264354304
5.8990001678467	-16.511173859914
5.9060001373291	-16.185413488253
5.9130001068115	-15.878256752034
5.9200000762939	-15.588171885145
5.9270000457764	-15.313789829374
5.9340000152588	-15.053882513249
5.9409999847412	-14.807350063271
5.9479999542236	-14.573197194038
5.9549999237061	-14.350532676027
5.9619998931885	-14.138548913946
5.9689998626709	-13.936522484077
5.9759998321533	-13.743797465456
5.9829998016357	-13.559787749961
5.9899997711182	-13.383965703409
5.9970002174377	-13.215859608511
6.0040001869202	-13.055049582236
6.0110001564026	-12.901154732222
6.0180001258850	-12.753839685129
6.0250000953674	-12.612801002525
6.0320000648499	-12.477768428873
6.0390000343323	-12.348499305873
6.0460000038147	-12.224771456909
6.0529999732971	-12.106382312556
6.0599999427795	-11.993144246577
6.0669999122620	-11.884880718419
6.0739998817444	-11.781425439469
6.0809998512268	-11.682617248705
6.0879998207092	-11.588299947225
6.0949997901917	-11.498320205761
6.1020002365112	-11.412524406327
6.1090002059937	-11.330759816530
6.1160001754761	-11.252875287747
6.1230001449585	-11.178718240132
6.1300001144409	-11.108137066720
6.1370000839233	-11.040983163414
6.1440000534058	-10.977109310575
6.1510000228882	-10.916371589138
6.1579999923706	-10.858630267725
6.1649999618530	-10.803755213881
6.1719999313354	-10.751622132840
6.1789999008179	-10.702116370017
6.1859998703003	-10.655136608195
6.1929998397827	-10.610588368217
6.1999998092651	-10.568395328139
6.2069997787476	-10.528491160386
6.2140002250671	-10.490822486553
6.2210001945496	-10.455351019228
6.2280001640320	-10.422048433620
6.2350001335144	-10.390899638765
6.2420001029968	-10.361900077702
6.2490000724792	-10.335051551258
6.2560000419617	-10.310366959446
6.2630000114441	-10.287862623306
6.2699999809265	-10.267557610215
6.2769999504089	-10.249474667727
6.2839999198914	-10.233634454846
6.2909998893738	-10.220056411151
6.2979998588562	-10.208756879337
6.3049998283386	-10.199748848447
6.3119997978210	-10.193035073203
6.3189997673035	-10.188616436413
6.3260002136230	-10.186484309074
6.3330001831055	-10.186624681843
6.3400001525879	-10.189017320302
6.3470001220703	-10.193632905128
6.3540000915527	-10.200440617318
6.3610000610352	-10.209407708279
6.3680000305176	-10.220494495212
6.3750000000000	-10.233665488221
6.3819999694824	-10.248885376658
6.3889999389648	-10.266123779437
6.3959999084473	-10.285357285321
6.4029998779297	-10.306569411906
6.4099998474121	-10.329753734646
6.4169998168945	-10.354917464751
6.4239997863770	-10.382079046019
6.4310002326965	-10.411272813537
6.4380002021790	-10.442552172782
6.4450001716614	-10.475981253114
6.4520001411438	-10.511641907302
6.4590001106262	-10.549638064139
6.4660000801086	-10.590082101155
6.4730000495911	-10.633105885211
6.4800000190735	-10.678854204594
6.4869999885559	-10.727483862716
6.4939999580383	-10.779161622518
6.5009999275208	-10.834067329649
6.5079998970032	-10.892381705690
6.5149998664856	-10.954295683560
6.5219998359680	-11.019997550657
6.5289998054504	-11.089686358861
6.5359997749329	-11.163547589822
6.5430002212524	-11.241772067883
6.5500001907349	-11.324544520296
6.5570001602173	-11.412042465610
6.5640001296997	-11.504432964428
6.5710000991821	-11.601880435490
6.5780000686646	-11.704534563027
6.5850000381470	-11.812533039667
6.5920000076294	-11.926002930713
6.5989999771118	-12.045062117198
6.6059999465942	-12.169810313626
6.6129999160767	-12.300337312601
6.6199998855591	-12.436712924194
6.6269998550415	-12.578999414040
6.6339998245239	-12.727239412007
6.6409997940063	-12.881464525701
6.6479997634888	-13.041686832217
6.6550002098083	-13.207906914536
6.6620001792908	-13.380106584947
6.6690001487732	-13.558252996052
6.6760001182556	-13.742297539530
6.6830000877380	-13.932174002718
6.6900000572205	-14.127797943970
6.6970000267029	-14.329072684811
6.7039999961853	-14.535877144399
6.7109999656677	-14.748076606830
6.7179999351501	-14.965519169307
6.7249999046326	-15.188032747179
6.7319998741150	-15.415430234707
6.7389998435974	-15.647503858731
6.7459998130798	-15.884033540837
6.7529997825623	-16.124785016707
6.7600002288818	-16.369507902383
6.7670001983643	-16.617943438156
6.7740001678467	-16.869824077865
6.7810001373291	-17.124881722938
6.7880001068115	-17.382848444358
6.7950000762939	-17.643463761584
6.8020000457764	-17.906478749968
6.8090000152588	-18.171664967489
6.8159999847412	-18.438824990501
6.8229999542236	-18.707795314015
6.8299999237061	-18.978456473552
6.8369998931885	-19.250748265146
6.8439998626709	-19.524668477149
6.8509998321533	-19.800290304558
6.8579998016357	-20.077766878479
6.8649997711182	-20.357338077226
6.8720002174377	-20.639344857520
6.8790001869202	-20.924222566394
6.8860001564026	-21.212517468260
6.8930001258850	-21.504883854833
6.9000000953674	-21.802098082664
6.9070000648499	-22.105048351175
6.9140000343323	-22.414748395875
6.9210000038147	-22.732340035308
6.9279999732971	-23.059097718819
6.9349999427795	-23.396441348476
6.9419999122620	-23.745943504814
6.9489998817444	-24.109348853586
6.9559998512268	-24.488599969530
6.9629998207092	-24.885863486974
6.9699997901917	-25.303575942019
6.9770002365112	-25.744502267788
6.9840002059937	-26.211807905720
6.9910001754761	-26.709161128704
6.9980001449585	-27.240874217908
7.0050001144409	-27.812087316971
7.0120000839233	-28.429030535345
7.0190000534058	-29.099391245359
7.0260000228882	-29.832847885231
7.0329999923706	-30.641852552888
7.0399999618530	-31.542865217958
7.0469999313354	-32.558282035884
7.0539999008179	-33.719737582475
7.0609998703003	-35.073978038368
7.0679998397827	-36.694250062504
7.0749998092651	-38.704706031592
7.0819997787476	-41.340343404330
7.0890002250671	-45.123616577302
7.0960001945496	-51.416868016393
7.1030001640320	-54.539593995363
7.1100001335144	-46.925879311032
7.1170001029968	-42.346675081320
7.1240000724792	-39.276471410587
7.1310000419617	-36.974798300042
7.1380000114441	-35.132314522221
7.1449999809265	-33.594037691556
7.1519999504089	-32.271852624468
7.1589999198914	-31.111049914963
7.1659998893738	-30.075416113372
7.1729998588562	-29.139782713501
7.1799998283386	-28.285990105910
7.1869997978210	-27.500530683188
7.1939997673035	-26.773110026302
7.2010002136230	-26.095712578908
7.2080001831055	-25.461995655691
7.2150001525879	-24.866855064687
7.2220001220703	-24.306132908612
7.2290000915527	-23.776403940413
7.2360000610352	-23.274805471077
7.2430000305176	-22.798928950957
7.2500000000000	-22.346721353777
7.2569999694824	-21.916416850374
7.2639999389648	-21.506485502710
7.2709999084473	-21.115586362418
7.2779998779297	-20.742534067211
7.2849998474121	-20.386271047861
7.2919998168945	-20.045849468942
7.2989997863770	-19.720407926509
7.3060002326965	-19.409162368270
7.3130002021790	-19.111397918385
7.3200001716614	-18.826448867292
7.3270001411438	-18.553703773881
7.3340001106262	-18.292593795285
7.3410000801086	-18.042590026895
7.3480000495911	-17.803200498799
7.3550000190735	-17.573965711605
7.3619999885559	-17.354459783659
7.3689999580383	-17.144284609103
7.3759999275208	-16.943071529488
7.3829998970032	-16.750479971847
7.3899998664856	-16.566195731853
7.3969998359680	-16.389931100432
7.4039998054504	-16.221416132197
7.4109997749329	-16.060410121994
7.4180002212524	-15.906686467833
7.4250001907349	-15.760043598140
7.4320001602173	-15.620291565387
7.4390001296997	-15.487257264095
7.4460000991821	-15.360777832740
7.4530000686646	-15.240701422672
7.4600000381470	-15.126882403868
7.4670000076294	-15.019178389845
7.4739999771118	-14.917452425168
7.4809999465942	-14.821563513118
7.4879999160767	-14.731368499972
7.4949998855591	-14.646719323120
7.5019998550415	-14.567458177995
7.5089998245239	-14.493423579939
7.5159997940063	-14.424441282072
7.5229997634888	-14.360325319485
7.5300002098083	-14.300882485900
7.5370001792908	-14.245904406116
7.5440001487732	-14.195176303056
7.5510001182556	-14.148471071873
7.5580000877380	-14.105558609329
7.5650000572205	-14.066198618443
7.5720000267029	-14.030150726846
7.5789999961853	-13.997173987773
7.5859999656677	-13.967030724669
7.5929999351501	-13.939488875786
7.5999999046326	-13.914324634474
7.6069998741150	-13.891329444489
7.6139998435974	-13.870308102485
7.6209998130798	-13.851083737214
7.6279997825623	-13.833499993634
7.6350002288818	-13.817423940058
7.6420001983643	-13.802745104633
7.6490001678467	-13.789374584948
7.6560001373291	-13.777250854832
7.6630001068115	-13.766332647737
7.6700000762939	-13.756597360227
7.6770000457764	-13.748046570693
7.6840000152588	-13.740692275090
7.6909999847412	-13.734563358319
7.6979999542236	-13.729696828897
7.7049999237061	-13.726133970874
7.7119998931885	-13.723922993871
7.7189998626709	-13.723109137473
7.7259998321533	-13.723732742963
7.7329998016357	-13.725830289712
7.7399997711182	-13.729429058913
7.7470002174377	-13.734546940111
7.7540001869202	-13.741192139879
7.7610001564026	-13.749359797811
7.7680001258850	-13.759036370634
7.7750000953674	-13.770199994686
7.7820000648499	-13.782820182783
7.7890000343323	-13.796860755413
7.7960000038147	-13.812283069898
7.8029999732971	-13.829050677552
7.8099999427795	-13.847127857051
7.8169999122620	-13.866487500250
7.8239998817444	-13.887110217552
7.8309998512268	-13.908991267125
7.8379998207092	-13.932138695598
7.8449997901917	-13.956576176774
7.8520002365112	-13.982347169841
7.8590002059937	-14.009511963156
7.8660001754761	-14.038149392650
7.8730001449585	-14.068358463501
7.8800001144409	-14.100250269504
7.8870000839233	-14.133951964594
7.8940000534058	-14.169602943992
7.9010000228882	-14.207350124060
7.9079999923706	-14.247349883449
7.9149999618530	-14.289752950810
7.9219999313354	-14.334718507770
7.9289999008179	-14.382395292081
7.9359998703003	-14.432927703733
7.9429998397827	-14.486452527975
7.9499998092651	-14.543090956551
7.9569997787476	-14.602956194104
7.9640002250671	-14.666145510967
7.9710001945496	-14.732742395077
7.9780001640320	-14.802819875547
7.9850001335144	-14.876439029128
7.9920001029968	-14.953647770365
7.9990000724792	-15.034491128746
8.0059995651245	-15.119010091826
8.0129995346069	-15.207244232551
8.0200004577637	-15.299235335762
8.0270004272461	-15.395036177247
8.0340003967285	-15.494707863604
8.0410003662109	-15.598328327333
8.0480003356934	-15.705994077211
8.0550003051758	-15.817826542696
8.0620002746582	-15.933965806774
8.0690002441406	-16.054587909792
8.0760002136230	-16.179892232770
8.0830001831055	-16.310106863181
8.0900001525879	-16.445491315966
8.0970001220703	-16.586331392909
8.1040000915527	-16.732938584770
8.1110000610352	-16.885649723626
8.1180000305176	-17.044818755096
8.1250000000000	-17.210814246707
8.1319999694824	-17.384018706804
8.1389999389648	-17.564816592396
8.1459999084473	-17.753596258099
8.1529998779297	-17.950735629755
8.1599998474121	-18.156602205810
8.1669998168945	-18.371542611773
8.1739997863770	-18.595872767082
8.1809997558594	-18.829874288557
8.1879997253418	-19.073782346695
8.1949996948242	-19.327771353497
8.2019996643066	-19.591947403066
8.2089996337891	-19.866327603262
8.2159996032715	-20.150824440191
8.2229995727539	-20.445226355934
8.2299995422363	-20.749158820980
8.2370004653931	-21.062066588829
8.2440004348755	-21.383162461128
8.2510004043579	-21.711386196466
8.2580003738403	-22.045342320413
8.2650003433228	-22.383244051787
8.2720003128052	-22.722836471961
8.2790002822876	-23.061328386402
8.2860002517700	-23.395326533020
8.2930002212524	-23.720780060887
8.3000001907349	-24.032974047199
8.3070001602173	-24.326557232254
8.3140001296997	-24.595670983606
8.3210000991821	-24.834167632100
8.3280000686646	-25.035940396252
8.3350000381470	-25.195361561501
8.3420000076294	-25.307756538624
8.3489999771118	-25.369886555453
8.3559999465942	-25.380300570506
8.3629999160767	-25.339512812060
8.3699998855591	-25.249945120744
8.3769998550415	-25.115661516309
8.3839998245239	-24.941951517162
8.3909997940063	-24.734825095187
8.3979997634888	-24.500563111721
8.4049997329712	-24.245309218952
8.4119997024536	-23.974800567826
8.4189996719360	-23.694189810952
8.4259996414185	-23.407958426347
8.4329996109009	-23.119921844290
8.4399995803833	-22.833247385189
8.4469995498657	-22.550522057468
8.4540004730225	-22.273822153458
8.4610004425049	-22.004789271939
8.4680004119873	-21.744693604230
8.4750003814697	-21.494491727066
8.4820003509521	-21.254889549382
8.4890003204346	-21.026379209056
8.4960002899170	-20.809279900208
8.5030002593994	-20.603762381453
8.5100002288818	-20.409884034547
8.5170001983643	-20.227599878411
8.5240001678467	-20.056787889963
8.5310001373291	-19.897253415852
8.5380001068115	-19.748748863645
8.5450000762939	-19.610982543878
8.5520000457764	-19.483623349915
8.5590000152588	-19.366309566131
8.5659999847412	-19.258656546667
8.5729999542236	-19.160265704641
8.5799999237061	-19.070726008391
8.5869998931885	-18.989618800053
8.5939998626709	-18.916524321590
8.6009998321533	-18.851031425144
8.6079998016357	-18.792733139532
8.6149997711182	-18.741236415217
8.6219997406006	-18.696166129328
8.6289997100830	-18.657162802702
8.6359996795654	-18.623893518173
8.6429996490479	-18.596045891757
8.6499996185303	-18.573337976569
8.6569995880127	-18.555507511683
8.6639995574951	-18.542323536945
8.6709995269775	-18.533576332640
8.6780004501343	-18.529082764085
8.6850004196167	-18.528677575298
8.6920003890991	-18.532215021913
8.6990003585815	-18.539562632683
8.7060003280640	-18.550595929191
8.7130002975464	-18.565199362915
8.7200002670288	-18.583251021444
8.7270002365112	-18.604633290306
8.7340002059937	-18.629209190880
8.7410001754761	-18.656837411665
8.7480001449585	-18.687349585119
8.7550001144409	-18.720558707192
8.7620000839233	-18.756252542004
8.7690000534058	-18.794191686877
8.7760000228882	-18.834101909093
8.7829999923706	-18.875685309310
8.7899999618530	-18.918606056839
8.7969999313354	-18.962503669648
8.8039999008179	-19.006991483461
8.8109998703003	-19.051657290083
8.8179998397827	-19.096070451121
8.8249998092651	-19.139787592746
8.8319997787476	-19.182356965572
8.8389997482300	-19.223330956679
8.8459997177124	-19.262267023189
8.8529996871948	-19.298740452760
8.8599996566772	-19.332349720676
8.8669996261597	-19.362723806426
8.8739995956421	-19.389529767463
8.8809995651245	-19.412480161889
8.8879995346069	-19.431331299661
8.8950004577637	-19.445892616361
8.9020004272461	-19.456024153543
8.9090003967285	-19.461635295665
8.9160003662109	-19.462685330271
8.9230003356934	-19.459175691321
8.9300003051758	-19.451144238133
8.9370002746582	-19.438667504883
8.9440002441406	-19.421841064064
8.9510002136230	-19.400783158205
8.9580001831055	-19.375621112970
8.9650001525879	-19.346489487427
8.9720001220703	-19.313521644883
8.9790000915527	-19.276847355802
8.9860000610352	-19.236587824164
8.9930000305176	-19.192857596182
9.0000000000000	-19.145760830127
#Parameters = {L=90; W=90; d=0.8; d_antenna=50; gap=50; gap_volt_1=50; height_plate=120; my_die=5; r_aperature=10; t=0.035; t_bone=16; t_fat=10; t_muscle=20; t_plate=1; t_skin=2; voltage_monitor1=40; voltage_monitor2=200; width_plate=120}
#"Frequency / GHz"	"S2,1 [Magnitude / dB]"
#-----------------------------------------
2.0000000000000	-11.509352493322
2.0069999694824	-11.550648054685
2.0139999389648	-11.593029152893
2.0209999084473	-11.636480295830
2.0280001163483	-11.680961168145
2.0350000858307	-11.726426821734
2.0420000553131	-11.772801300441
2.0490000247955	-11.820006460250
2.0559999942780	-11.867945671126
2.0629999637604	-11.916514450974
2.0699999332428	-11.965605296830
2.0769999027252	-12.015104435017
2.0840001106262	-12.064899369090
2.0910000801086	-12.114889860514
2.0980000495911	-12.164978736765
2.1050000190735	-12.215086466583
2.1119999885559	-12.265151270525
2.1189999580383	-12.315130100051
2.1259999275208	-12.365006314885
2.1329998970032	-12.414786896581
2.1400001049042	-12.464508160957
2.1470000743866	-12.514230018426
2.1540000438690	-12.564043701203
2.1610000133514	-12.614064800638
2.1679999828339	-12.664432310465
2.1749999523163	-12.715306926450
2.1819999217987	-12.766869850472
2.1889998912811	-12.819312873552
2.1960000991821	-12.872838784058
2.2030000686646	-12.927660399372
2.2100000381470	-12.983988503300
2.2170000076294	-13.042034326245
2.2239999771118	-13.102000896472
2.2309999465942	-13.164082899730
2.2379999160767	-13.228461035977
2.2449998855591	-13.295302129264
2.2520000934601	-13.364753328572
2.2590000629425	-13.436947370150
2.2660000324249	-13.511990539405
2.2730000019073	-13.589977424034
2.2799999713898	-13.670978212686
2.2869999408722	-13.755048701448
2.2939999103546	-13.842226557544
2.3010001182556	-13.932541290750
2.3080000877380	-14.026005814025
2.3150000572205	-14.122633694812
2.3220000267029	-14.222432479939
2.3289999961853	-14.325412819428
2.3359999656677	-14.431592023551
2.3429999351501	-14.540996108879
2.3499999046326	-14.653669288699
2.3570001125336	-14.769674366050
2.3640000820160	-14.889092253490
2.3710000514984	-15.012037018023
2.3780000209808	-15.138645740493
2.3849999904633	-15.269088390889
2.3919999599457	-15.403570751685
2.3989999294281	-15.542324260413
2.4059998989105	-15.685619843638
2.4130001068115	-15.833756214679
2.4200000762939	-15.987063383516
2.4270000457764	-16.145901212552
2.4340000152588	-16.310657617472
2.4409999847412	-16.481737548182
2.4479999542236	-16.659571749276
2.4549999237061	-16.844603451627
2.4619998931885	-17.037292707937
2.4690001010895	-17.238105710749
2.4760000705719	-17.447519710229
2.4830000400543	-17.666010120712
2.4900000095367	-17.894056174969
2.4969999790192	-18.132135129018
2.5039999485016	-18.380723365916
2.5109999179840	-18.640289729235
2.5179998874664	-18.911300615996
2.5250000953674	-19.194217068616
2.5320000648499	-19.489495137237
2.5390000343323	-19.797591112624
2.5460000038147	-20.118959850458
2.5529999732971	-20.454062796719
2.5599999427795	-20.803366766472
2.5669999122620	-21.167357892522
2.5739998817444	-21.546538711640
2.5810000896454	-21.941449744900
2.5880000591278	-22.352662721216
2.5950000286102	-22.780805724584
2.6019999980927	-23.226569918805
2.6089999675751	-23.690713720791
2.6159999370575	-24.174090131042
2.6229999065399	-24.677639186917
2.6300001144409	-25.202402940321
2.6370000839233	-25.749516586432
2.6440000534058	-26.320184096586
2.6510000228882	-26.915640841995
2.6579999923706	-27.537049790017
2.6649999618530	-28.185353477594
2.6719999313354	-28.860994201267
2.6789999008179	-29.563470635303
2.6860001087189	-30.290616101429
2.6930000782013	-31.037491033714
2.7000000476837	-31.794728534572
2.7070000171661	-32.546285475829
2.7139999866486	-33.266821993032
2.7209999561310	-33.919712050600
2.7279999256134	-34.457912468290
2.7349998950958	-34.830751220363
2.7420001029968	-34.997658019160
2.7490000724792	-34.943605027330
2.7560000419617	-34.685893351507
2.7630000114441	-34.266781211029
2.7699999809265	-33.737887902277
2.7769999504089	-33.146691286513
2.7839999198914	-32.530032448176
2.7909998893738	-31.913414446538
2.7980000972748	-31.313042539902
2.8050000667572	-30.738427654381
2.8120000362396	-30.194605831804
2.8190000057220	-29.683755096174
2.8259999752045	-29.206287257399
2.8329999446869	-28.761547535388
2.8399999141693	-28.348257040944
2.8469998836517	-27.964783653645
2.8540000915527	-27.609303471714
2.8610000610352	-27.279898418445
2.8680000305176	-26.974617732592
2.8750000000000	-26.691504115918
2.8819999694824	-26.428621477383
2.8889999389648	-26.184063276550
2.8959999084473	-25.955969397303
2.9030001163483	-25.742536044352
2.9100000858307	-25.542033000988
2.9170000553131	-25.352817064387
2.9240000247955	-25.173357024314
2.9309999942780	-25.002250666465
2.9379999637604	-24.838255155794
2.9449999332428	-24.680298642084
2.9519999027252	-24.527513749322
2.9590001106262	-24.379244253566
2.9660000801086	-24.235061266233
2.9730000495911	-24.094767678225
2.9800000190735	-23.958393877287
2.9869999885559	-23.826192456589
2.9939999580383	-23.698616750069
3.0009999275208	-23.576299904151
3.0079998970032	-23.460030693027
3.0150001049042	-23.350713472957
3.0220000743866	-23.249347894579
3.0290000438690	-23.156981783269
3.0360000133514	-23.074691453908
3.0429999828339	-23.003533019543
3.0499999523163	-22.944526545533
3.0569999217987	-22.898610228089
3.0639998912811	-22.866616649096
3.0710000991821	-22.849231692644
3.0780000686646	-22.846958331866
3.0850000381470	-22.860074285549
3.0920000076294	-22.888574143048
3.0989999771118	-22.932107903799
3.1059999465942	-22.989902499494
3.1129999160767	-23.060679104710
3.1199998855591	-23.142537943611
3.1270000934601	-23.232855394706
3.1340000629425	-23.328159767395
3.1410000324249	-23.424038962535
3.1480000019073	-23.515075433630
3.1549999713898	-23.594869269122
3.1619999408722	-23.656173147560
3.1689999103546	-23.691201139349
3.1760001182556	-23.692124715016
3.1830000877380	-23.651738126386
3.1900000572205	-23.564227510588
3.1970000267029	-23.425874335537
3.2039999961853	-23.235574424126
3.2109999656677	-22.994982876893
3.2179999351501	-22.708293239441
3.2249999046326	-22.381674381677
3.2320001125336	-22.022538724724
3.2390000820160	-21.638789983984
3.2460000514984	-21.238191395603
3.2530000209808	-20.827909364263
3.2599999904633	-20.414249813307
3.2669999599457	-20.002544465183
3.2739999294281	-19.597160864038
3.2809998989105	-19.201573725575
3.2880001068115	-18.818470634113
3.2950000762939	-18.449876291525
3.3020000457764	-18.097261710517
3.3090000152588	-17.761652338897
3.3159999847412	-17.443714317403
3.3229999542236	-17.143827072253
3.3299999237061	-16.862145766132
3.3369998931885	-16.598646581483
3.3440001010895	-16.353166108812
3.3510000705719	-16.125430171538
3.3580000400543	-15.915072243779
3.3650000095367	-15.721654597175
3.3719999790192	-15.544678914531
3.3789999485016	-15.383597555763
3.3859999179840	-15.237814172461
3.3929998874664	-15.106697586140
3.4000000953674	-14.989578220460
3.4070000648499	-14.885752738783
3.4140000343323	-14.794488251385
3.4210000038147	-14.715021117921
3.4279999732971	-14.646561590988
3.4349999427795	-14.588295041048
3.4419999122620	-14.539385992819
3.4489998817444	-14.498980400315
3.4560000896454	-14.466214573587
3.4630000591278	-14.440215599648
3.4700000286102	-14.420114884015
3.4769999980927	-14.405050609346
3.4839999675751	-14.394182043139
3.4909999370575	-14.386696117463
3.4979999065399	-14.381822437024
3.5050001144409	-14.378836301489
3.5120000839233	-14.377080547309
3.5190000534058	-14.375965645135
3.5260000228882	-14.374979200451
3.5329999923706	-14.373699806437
3.5399999618530	-14.371791324766
3.5469999313354	-14.369015253649
3.5539999008179	-14.365219413113
3.5610001087189	-14.360342988015
3.5680000782013	-14.354406576796
3.5750000476837	-14.347501982994
3.5820000171661	-14.339787375614
3.5889999866486	-14.331469867685
3.5959999561310	-14.322797545671
3.6029999256134	-14.314039782520
3.6099998950958	-14.305483947111
3.6170001029968	-14.297411237906
3.6240000724792	-14.290095509660
3.6310000419617	-14.283786372655
3.6380000114441	-14.278700621998
3.6449999809265	-14.275018102716
3.6519999504089	-14.272874308841
3.6589999198914	-14.272353931425
3.6659998893738	-14.273491210178
3.6730000972748	-14.276265568743
3.6800000667572	-14.280610924826
3.6870000362396	-14.286407016553
3.6940000057220	-14.293485792426
3.7009999752045	-14.301645488572
3.7079999446869	-14.310641463001
3.7149999141693	-14.320207049813
3.7219998836517	-14.330050952067
3.7290000915527	-14.339872630963
3.7360000610352	-14.349363795834
3.7430000305176	-14.358228117028
3.7500000000000	-14.366176585434
3.7569999694824	-14.372943492696
3.7639999389648	-14.378293090342
3.7709999084473	-14.382023311918
3.7780001163483	-14.383969772868
3.7850000858307	-14.384013312332
3.7920000553131	-14.382077749272
3.7990000247955	-14.378129946335
3.8059999942780	-14.372179111182
3.8129999637604	-14.364275335488
3.8199999332428	-14.354500903143
3.8269999027252	-14.342967839952
3.8340001106262	-14.329810739869
3.8410000801086	-14.315177689621
3.8480000495911	-14.299227143902
3.8550000190735	-14.282117627971
3.8619999885559	-14.263999351720
3.8689999580383	-14.245014981425
3.8759999275208	-14.225286981302
3.8829998970032	-14.204916776879
3.8900001049042	-14.183981935141
3.8970000743866	-14.162528361070
3.9040000438690	-14.140581966084
3.9110000133514	-14.118133898526
3.9179999828339	-14.095149390180
3.9249999523163	-14.071570046765
3.9319999217987	-14.047317781144
3.9389998912811	-14.022289503537
3.9460000991821	-13.996378826853
3.9530000686646	-13.969461656497
3.9600000381470	-13.941414120132
3.9670000076294	-13.912114504962
3.9739999771118	-13.881446384696
3.9809999465942	-13.849305877837
3.9879999160767	-13.815603078946
3.9949998855591	-13.780266085911
4.0019998550415	-13.743247498872
4.0089998245239	-13.704520566630
4.0159997940063	-13.664084297964
4.0229997634888	-13.621962118562
4.0300002098083	-13.578200931814
4.0370001792908	-13.532869008907
4.0440001487732	-13.486052171207
4.0510001182556	-13.437858014455
4.0580000877380	-13.388400509834
4.0650000572205	-13.337806029764
4.0720000267029	-13.286206059785
4.0789999961853	-13.233733391072
4.0859999656677	-13.180517786818
4.0929999351501	-13.126684747805
4.0999999046326	-13.072351502515
4.1069998741150	-13.017624087299
4.1139998435974	-12.962600268604
4.1209998130798	-12.907361056681
4.1279997825623	-12.851977136985
4.1350002288818	-12.796502712204
4.1420001983643	-12.740980498824
4.1490001678467	-12.685447174732
4.1560001373291	-12.629926309517
4.1630001068115	-12.574433382915
4.1700000762939	-12.518982691981
4.1770000457764	-12.463582699494
4.1840000152588	-12.408247241212
4.1909999847412	-12.352991167377
4.1979999542236	-12.297834249516
4.2049999237061	-12.242805159698
4.2119998931885	-12.187944147927
4.2189998626709	-12.133300063112
4.2259998321533	-12.078935536707
4.2329998016357	-12.024928516693
4.2399997711182	-11.971367317793
4.2470002174377	-11.918354802247
4.2540001869202	-11.866004567192
4.2610001564026	-11.814444110262
4.2680001258850	-11.763805179643
4.2750000953674	-11.714231452661
4.2820000648499	-11.665867665436
4.2890000343323	-11.618862975198
4.2960000038147	-11.573365330362
4.3029999732971	-11.529521246572
4.3099999427795	-11.487466966159
4.3169999122620	-11.447337956659
4.3239998817444	-11.409251574826
4.3309998512268	-11.373317549001
4.3379998207092	-11.339626002659
4.3449997901917	-11.308257040651
4.3520002365112	-11.279267109763
4.3590002059937	-11.252696909725
4.3660001754761	-11.228565640728
4.3730001449585	-11.206874165384
4.3800001144409	-11.187604139147
4.3870000839233	-11.170714840180
4.3940000534058	-11.156147951426
4.4010000228882	-11.143829813295
4.4079999923706	-11.133668061772
4.4149999618530	-11.125555942514
4.4219999313354	-11.119373304075
4.4289999008179	-11.114991940122
4.4359998703003	-11.112272849302
4.4429998397827	-11.111074685589
4.4499998092651	-11.111248540536
4.4569997787476	-11.112650458757
4.4640002250671	-11.115134029964
4.4710001945496	-11.118563774637
4.4780001640320	-11.122805873203
4.4850001335144	-11.127738498864
4.4920001029968	-11.133254502737
4.4990000724792	-11.139254538733
4.5060000419617	-11.145658809797
4.5130000114441	-11.152400346246
4.5199999809265	-11.159428214364
4.5269999504089	-11.166709486378
4.5339999198914	-11.174226312128
4.5409998893738	-11.181973399555
4.5479998588562	-11.189962816035
4.5549998283386	-11.198216289852
4.5619997978210	-11.206765142444
4.5689997673035	-11.215653346403
4.5760002136230	-11.224928442412
4.5830001831055	-11.234642238314
4.5900001525879	-11.244847813311
4.5970001220703	-11.255599377163
4.6040000915527	-11.266948357198
4.6110000610352	-11.278944125649
4.6180000305176	-11.291627086757
4.6250000000000	-11.305033518914
4.6319999694824	-11.319190552337
4.6389999389648	-11.334116399107
4.6459999084473	-11.349821134548
4.6529998779297	-11.366306824912
4.6599998474121	-11.383562520111
4.6669998168945	-11.401572397548
4.6739997863770	-11.420313585920
4.6810002326965	-11.439752374127
4.6880002021790	-11.459856321997
4.6950001716614	-11.480586422682
4.7020001411438	-11.501899238893
4.7090001106262	-11.523754295620
4.7160000801086	-11.546110386940
4.7230000495911	-11.568928892442
4.7300000190735	-11.592177615912
4.7369999885559	-11.615825668086
4.7439999580383	-11.639852497219
4.7509999275208	-11.664240065384
4.7579998970032	-11.688984295049
4.7649998664856	-11.714084483133
4.7719998359680	-11.739548362737
4.7789998054504	-11.765393526185
4.7859997749329	-11.791642331382
4.7930002212524	-11.818322484675
4.8000001907349	-11.845469109402
4.8070001602173	-11.873122126896
4.8140001296997	-11.901316789821
4.8210000991821	-11.930095545464
4.8280000686646	-11.959496221760
4.8350000381470	-11.989554232336
4.8420000076294	-12.020299562960
4.8489999771118	-12.051758841246
4.8559999465942	-12.083950024927
4.8629999160767	-12.116878781300
4.8699998855591	-12.150547709983
4.8769998550415	-12.184942436463
4.8839998245239	-12.220044018407
4.8909997940063	-12.255817328794
4.8979997634888	-12.292220209478
4.9050002098083	-12.329199973994
4.9120001792908	-12.366693558685
4.9190001487732	-12.404631519114
4.9260001182556	-12.442936323688
4.9330000877380	-12.481526125171
4.9400000572205	-12.520315052691
4.9470000267029	-12.559216788159
4.9539999961853	-12.598145173603
4.9609999656677	-12.637017177383
4.9679999351501	-12.675752568358
4.9749999046326	-12.714279735800
4.9819998741150	-12.752533649309
4.9889998435974	-12.790457732510
4.9959998130798	-12.828009759493
5.0029997825623	-12.865154483914
5.0100002288818	-12.901870818784
5.0170001983643	-12.938149189221
5.0240001678467	-12.973992641888
5.0310001373291	-13.009414499656
5.0380001068115	-13.044436773089
5.0450000762939	-13.079092825300
5.0520000457764	-13.113422376240
5.0590000152588	-13.147470597648
5.0659999847412	-13.181286868185
5.0729999542236	-13.214922232204
5.0799999237061	-13.248425087972
5.0869998931885	-13.281847416173
5.0939998626709	-13.315231435704
5.1009998321533	-13.348616948567
5.1079998016357	-13.382036883549
5.1149997711182	-13.415514972972
5.1220002174377	-13.449065426917
5.1290001869202	-13.482693661848
5.1360001564026	-13.516396966781
5.1430001258850	-13.550160817699
5.1500000953674	-13.583963180192
5.1570000648499	-13.617772457384
5.1640000343323	-13.651549827959
5.1710000038147	-13.685253011200
5.1779999732971	-13.718834027978
5.1849999427795	-13.752241869620
5.1919999122620	-13.785426260499
5.1989998817444	-13.818337934608
5.2059998512268	-13.850931710151
5.2129998207092	-13.883164473211
5.2199997901917	-13.915004005586
5.2270002365112	-13.946424425630
5.2340002059937	-13.977409186772
5.2410001754761	-14.007950138096
5.2480001449585	-14.038054436620
5.2550001144409	-14.067737377679
5.2620000839233	-14.097023588762
5.2690000534058	-14.125952341448
5.2760000228882	-14.154571033033
5.2829999923706	-14.182933191834
5.2899999618530	-14.211101396290
5.2969999313354	-14.239141995937
5.3039999008179	-14.267127646261
5.3109998703003	-14.295128428559
5.3179998397827	-14.323219556286
5.3249998092651	-14.351468213002
5.3319997787476	-14.379940005103
5.3390002250671	-14.408695162560
5.3460001945496	-14.437784670092
5.3530001640320	-14.467255099779
5.3600001335144	-14.497137120290
5.3670001029968	-14.527455393338
5.3740000724792	-14.558222080868
5.3810000419617	-14.589440008685
5.3880000114441	-14.621096819771
5.3949999809265	-14.653174698991
5.4019999504089	-14.685643533486
5.4089999198914	-14.718467314856
5.4159998893738	-14.751600683671
5.4229998588562	-14.784993979481
5.4299998283386	-14.818591781678
5.4369997978210	-14.852341495695
5.4439997673035	-14.886183574835
5.4510002136230	-14.920065727755
5.4580001831055	-14.953934545872
5.4650001525879	-14.987746140429
5.4720001220703	-15.021460121526
5.4790000915527	-15.055042565865
5.4860000610352	-15.088468637146
5.4930000305176	-15.121727790130
5.5000000000000	-15.154809049960
5.5069999694824	-15.187722247176
5.5139999389648	-15.220476185144
5.5209999084473	-15.253093887827
5.5279998779297	-15.285606462351
5.5349998474121	-15.318049020122
5.5419998168945	-15.350463357879
5.5489997863770	-15.382894093092
5.5560002326965	-15.415389992099
5.5630002021790	-15.447999297895
5.5700001716614	-15.480769010184
5.5770001411438	-15.513743660608
5.5840001106262	-15.546965187857
5.5910000801086	-15.580471932234
5.5980000495911	-15.614291726289
5.6050000190735	-15.648449747852
5.6119999885559	-15.682961551144
5.6189999580383	-15.717838989567
5.6259999275208	-15.753079160356
5.6329998970032	-15.788683550306
5.6399998664856	-15.824635701145
5.6469998359680	-15.860922882576
5.6539998054504	-15.897523285588
5.6609997749329	-15.934415516374
5.6680002212524	-15.971573356429
5.6750001907349	-16.008974984510
5.6820001602173	-16.046597849611
5.6890001296997	-16.084423280887
5.6960000991821	-16.122439652295
5.7030000686646	-16.160639541746
5.7100000381470	-16.199026307712
5.7170000076294	-16.237609046492
5.7239999771118	-16.276408653976
5.7309999465942	-16.315456153965
5.7379999160767	-16.354790006816
5.7449998855591	-16.394461490597
5.7519998550415	-16.434531637037
5.7589998245239	-16.475067322947
5.7659997940063	-16.516146003140
5.7729997634888	-16.557846478649
5.7800002098083	-16.600257307851
5.7870001792908	-16.643465092137
5.7940001487732	-16.687558567604
5.8010001182556	-16.732622216040
5.8080000877380	-16.778740391065
5.8150000572205	-16.825987434636
5.8220000267029	-16.874433389719
5.8289999961853	-16.924132848427
5.8359999656677	-16.975135024888
5.8429999351501	-17.027468306018
5.8499999046326	-17.081153386698
5.8569998741150	-17.136192408433
5.8639998435974	-17.192568836908
5.8709998130798	-17.250255018142
5.8779997825623	-17.309202294976
5.8850002288818	-17.369348975409
5.8920001983643	-17.430616927981
5.8990001678467	-17.492915373550
5.9060001373291	-17.556139938542
5.9130001068115	-17.620177429756
5.9200000762939	-17.684904369888
5.9270000457764	-17.750192676903
5.9340000152588	-17.815912036745
5.9409999847412	-17.881931439511
5.9479999542236	-17.948118895500
5.9549999237061	-18.014353844876
5.9619998931885	-18.080516161281
5.9689998626709	-18.146503369742
5.9759998321533	-18.212219858306
5.9829998016357	-18.277586270156
5.9899997711182	-18.342538312321
5.9970002174377	-18.407030500120
6.0040001869202	-18.471031040767
6.0110001564026	-18.534528181426
6.0180001258850	-18.597523271660
6.0250000953674	-18.660035884281
6.0320000648499	-18.722098182240
6.0390000343323	-18.783751805675
6.0460000038147	-18.845048150181
6.0529999732971	-18.906045783358
6.0599999427795	-18.966804375445
6.0669999122620	-19.027386061782
6.0739998817444	-19.087846491736
6.0809998512268	-19.148237353430
6.0879998207092	-19.208601224873
6.0949997901917	-19.268968731540
6.1020002365112	-19.329356220536
6.1090002059937	-19.389764358722
6.1160001754761	-19.450177112117
6.1230001449585	-19.510561361454
6.1300001144409	-19.570865074950
6.1370000839233	-19.631019169126
6.1440000534058	-19.690936087383
6.1510000228882	-19.750515571920
6.1579999923706	-19.809641984696
6.1649999618530	-19.868188048155
6.1719999313354	-19.926020595081
6.1789999008179	-19.983001399500
6.1859998703003	-20.038988467944
6.1929998397827	-20.093842382249
6.1999998092651	-20.147433892995
6.2069997787476	-20.199634986831
6.2140002250671	-20.250336572102
6.2210001945496	-20.299438153307
6.2280001640320	-20.346858892109
6.2350001335144	-20.392536131990
6.2420001029968	-20.436425116013
6.2490000724792	-20.478501412826
6.2560000419617	-20.518755006060
6.2630000114441	-20.557196421036
6.2699999809265	-20.593844481764
6.2769999504089	-20.628734891687
6.2839999198914	-20.661905937106
6.2909998893738	-20.693400526707
6.2979998588562	-20.723259922079
6.3049998283386	-20.751520368060
6.3119997978210	-20.778208126639
6.3189997673035	-20.803331736791
6.3260002136230	-20.826884106689
6.3330001831055	-20.848839227308
6.3400001525879	-20.869139989832
6.3470001220703	-20.887706645169
6.3540000915527	-20.904431356459
6.3610000610352	-20.919177314843
6.3680000305176	-20.931782376173
6.3750000000000	-20.942059399511
6.3819999694824	-20.949795895485
6.3889999389648	-20.954765213441
6.3959999084473	-20.956727565359
6.4029998779297	-20.955436920209
6.4099998474121	-20.950643735090
6.4169998168945	-20.942111503042
6.4239997863770	-20.929616073696
6.4310002326965	-20.912953428841
6.4380002021790	-20.891951184858
6.4450001716614	-20.866473856403
6.4520001411438	-20.836428244104
6.4590001106262	-20.801768207139
6.4660000801086	-20.762499352398
6.4730000495911	-20.718676817049
6.4800000190735	-20.670414752730
6.4869999885559	-20.617875734277
6.4939999580383	-20.561272743627
6.5009999275208	-20.500869369671
6.5079998970032	-20.436964342159
6.5149998664856	-20.369899747136
6.5219998359680	-20.300042529010
6.5289998054504	-20.227786481393
6.5359997749329	-20.153540288153
6.5430002212524	-20.077722436739
6.5500001907349	-20.000756504348
6.5570001602173	-19.923063657672
6.5640001296997	-19.845059551218
6.5710000991821	-19.767146870640
6.5780000686646	-19.689713541522
6.5850000381470	-19.613129547075
6.5920000076294	-19.537745769041
6.5989999771118	-19.463890556490
6.6059999465942	-19.391868644002
6.6129999160767	-19.321962286412
6.6199998855591	-19.254430425256
6.6269998550415	-19.189509156065
6.6339998245239	-19.127411277609
6.6409997940063	-19.068327348361
6.6479997634888	-19.012427122839
6.6550002098083	-18.959862734747
6.6620001792908	-18.910766119130
6.6690001487732	-18.865252391208
6.6760001182556	-18.823417057667
6.6830000877380	-18.785345393816
6.6900000572205	-18.751102957132
6.6970000267029	-18.720745328561
6.7039999961853	-18.694309909490
6.7109999656677	-18.671827102077
6.7179999351501	-18.653309355172
6.7249999046326	-18.638761794085
6.7319998741150	-18.628172412442
6.7389998435974	-18.621521356907
6.7459998130798	-18.618771526173
6.7529997825623	-18.619878723923
6.7600002288818	-18.624781293164
6.7670001983643	-18.633408709432
6.7740001678467	-18.645673680264
6.7810001373291	-18.661475961106
6.7880001068115	-18.680703544307
6.7950000762939	-18.703227304855
6.8020000457764	-18.728907880892
6.8090000152588	-18.757586852043
6.8159999847412	-18.789095731849
6.8229999542236	-18.823254083918
6.8299999237061	-18.859865107861
6.8369998931885	-18.898725426175
6.8439998626709	-18.939616209449
6.8509998321533	-18.982315602317
6.8579998016357	-19.026590159961
6.8649997711182	-19.072204787616
6.8720002174377	-19.118923270746
6.8790001869202	-19.166507182560
6.8860001564026	-19.214723692354
6.8930001258850	-19.263343487458
6.9000000953674	-19.312151691992
6.9070000648499	-19.360940446075
6.9140000343323	-19.409521741761
6.9210000038147	-19.457721561938
6.9279999732971	-19.505386738612
6.9349999427795	-19.552389959064
6.9419999122620	-19.598625771265
6.9489998817444	-19.644011066870
6.9559998512268	-19.688492971074
6.9629998207092	-19.732036257818
6.9699997901917	-19.774638585233
6.9770002365112	-19.816313851604
6.9840002059937	-19.857096450730
6.9910001754761	-19.897043522823
6.9980001449585	-19.936222612960
7.0050001144409	-19.974712825177
7.0120000839233	-20.012602650914
7.0190000534058	-20.049982366874
7.0260000228882	-20.086942610096
7.0329999923706	-20.123572050000
7.0399999618530	-20.159947150572
7.0469999313354	-20.196137987922
7.0539999008179	-20.232199120108
7.0609998703003	-20.268165760982
7.0679998397827	-20.304059308858
7.0749998092651	-20.339877651530
7.0819997787476	-20.375602899164
7.0890002250671	-20.411189748357
7.0960001945496	-20.446577425123
7.1030001640320	-20.481686556195
7.1100001335144	-20.516415981696
7.1170001029968	-20.550657546442
7.1240000724792	-20.584282837604
7.1310000419617	-20.617163383630
7.1380000114441	-20.649158089396
7.1449999809265	-20.680130831511
7.1519999504089	-20.709949483230
7.1589999198914	-20.738486663237
7.1659998893738	-20.765629929119
7.1729998588562	-20.791277957208
7.1799998283386	-20.815353676392
7.1869997978210	-20.837798352444
7.1939997673035	-20.858578135281
7.2010002136230	-20.877683965716
7.2080001831055	-20.895134149664
7.2150001525879	-20.910968715758
7.2220001220703	-20.925256495516
7.2290000915527	-20.938085079554
7.2360000610352	-20.949566028964
7.2430000305176	-20.959825493757
7.2500000000000	-20.969003021926
7.2569999694824	-20.977250967477
7.2639999389648	-20.984725733371
7.2709999084473	-20.991587066034
7.2779998779297	-20.997989012272
7.2849998474121	-21.004087837700
7.2919998168945	-21.010023797416
7.2989997863770	-21.015931386441
7.3060002326965	-21.021928484364
7.3130002021790	-21.028118850324
7.3200001716614	-21.034590814190
7.3270001411438	-21.041412202701
7.3340001106262	-21.048639433780
7.3410000801086	-21.056310571583
7.3480000495911	-21.064449212721
7.3550000190735	-21.073067827961
7.3619999885559	-21.082166570720
7.3689999580383	-21.091741279567
7.3759999275208	-21.101778001428
7.3829998970032	-21.112265785240
7.3899998664856	-21.123194483369
7.3969998359680	-21.134557744824
7.4039998054504	-21.146356866433
7.4109997749329	-21.158603291985
7.4180002212524	-21.171321826594
7.4250001907349	-21.184551209597
7.4320001602173	-21.198346000136
7.4390001296997	-21.212779629232
7.4460000991821	-21.227938171824
7.4530000686646	-21.243929998191
7.4600000381470	-21.260872612352
7.4670000076294	-21.278903860805
7.4739999771118	-21.298169877470
7.4809999465942	-21.318827025031
7.4879999160767	-21.341038717218
7.4949998855591	-21.364973945191
7.5019998550415	-21.390800707639
7.5089998245239	-21.418683155454
7.5159997940063	-21.448780899331
7.5229997634888	-21.481243273025
7.5300002098083	-21.516204985638
7.5370001792908	-21.553788882169
7.5440001487732	-21.594094910764
7.5510001182556	-21.637206471544
7.5580000877380	-21.683178495167
7.5650000572205	-21.732049411484
7.5720000267029	-21.783825188724
7.5789999961853	-21.838491761962
7.5859999656677	-21.896005646576
7.5929999351501	-21.956298093117
7.5999999046326	-22.019278732172
7.6069998741150	-22.084833985123
7.6139998435974	-22.152828293485
7.6209998130798	-22.223110824629
7.6279997825623	-22.295515349893
7.6350002288818	-22.369866790239
7.6420001983643	-22.445980450175
7.6490001678467	-22.523673374533
7.6560001373291	-22.602762080030
7.6630001068115	-22.683071068711
7.6700000762939	-22.764440616441
7.6770000457764	-22.846717636342
7.6840000152588	-22.929777016178
7.6909999847412	-23.013514216593
7.6979999542236	-23.097852077123
7.7049999237061	-23.182738893464
7.7119998931885	-23.268157138614
7.7189998626709	-23.354111497518
7.7259998321533	-23.440643752298
7.7329998016357	-23.527815655720
7.7399997711182	-23.615718532228
7.7470002174377	-23.704457434955
7.7540001869202	-23.794163266941
7.7610001564026	-23.884967902392
7.7680001258850	-23.977013921996
7.7750000953674	-24.070442098846
7.7820000648499	-24.165385575581
7.7890000343323	-24.261966605193
7.7960000038147	-24.360281809254
7.8029999732971	-24.460408892903
7.8099999427795	-24.562390802503
7.8169999122620	-24.666235980649
7.8239998817444	-24.771909909638
7.8309998512268	-24.879339406660
7.8379998207092	-24.988400396544
7.8449997901917	-25.098922438252
7.8520002365112	-25.210688883534
7.8590002059937	-25.323436328161
7.8660001754761	-25.436856814404
7.8730001449585	-25.550601992219
7.8800001144409	-25.664288577281
7.8870000839233	-25.777507219259
7.8940000534058	-25.889826845155
7.9010000228882	-26.000803202791
7.9079999923706	-26.109998582372
7.9149999618530	-26.216974835784
7.9219999313354	-26.321322791099
7.9289999008179	-26.422653947127
7.9359998703003	-26.520625012704
7.9429998397827	-26.614935445698
7.9499998092651	-26.705337638567
7.9569997787476	-26.791636153152
7.9640002250671	-26.873692561858
7.9710001945496	-26.951417162516
7.9780001640320	-27.024770374211
7.9850001335144	-27.093749210333
7.9920001029968	-27.158379921903
7.9990000724792	-27.218705920258
8.0059995651245	-27.274772782787
8.0129995346069	-27.326616761189
8.0200004577637	-27.374247969838
8.0270004272461	-27.417647570370
8.0340003967285	-27.456738753721
8.0410003662109	-27.491396090006
8.0480003356934	-27.521434320955
8.0550003051758	-27.546597440221
8.0620002746582	-27.566572405551
8.0690002441406	-27.580990347871
8.0760002136230	-27.589431250661
8.0830001831055	-27.591443245572
8.0900001525879	-27.586559908756
8.0970001220703	-27.574314511429
8.1040000915527	-27.554266987088
8.1110000610352	-27.526026853958
8.1180000305176	-27.489269471381
8.1250000000000	-27.443765852989
8.1319999694824	-27.389391159844
8.1389999389648	-27.326144028069
8.1459999084473	-27.254149270501
8.1529998779297	-27.173662824764
8.1599998474121	-27.085066133126
8.1669998168945	-26.988856387599
8.1739997863770	-26.885633678588
8.1809997558594	-26.776078012081
8.1879997253418	-26.660937749630
8.1949996948242	-26.540994435402
8.2019996643066	-26.417051879647
8.2089996337891	-26.289911818584
8.2159996032715	-26.160355803463
8.2229995727539	-26.029126585787
8.2299995422363	-25.896918161721
8.2370004653931	-25.764362219493
8.2440004348755	-25.632025597053
8.2510004043579	-25.500402132617
8.2580003738403	-25.369910623294
8.2650003433228	-25.240899946306
8.2720003128052	-25.113646139265
8.2790002822876	-24.988360822738
8.2860002517700	-24.865194570562
8.2930002212524	-24.744241750532
8.3000001907349	-24.625553042172
8.3070001602173	-24.509139687267
8.3140001296997	-24.394981243462
8.3210000991821	-24.283033733823
8.3280000686646	-24.173241692863
8.3350000381470	-24.065539069472
8.3420000076294	-23.959859290658
8.3489999771118	-23.856150497791
8.3559999465942	-23.754361842355
8.3629999160767	-23.654467944796
8.3699998855591	-23.556460920366
8.3769998550415	-23.460360408646
8.3839998245239	-23.366205577918
8.3909997940063	-23.274063018674
8.3979997634888	-23.184029311179
8.4049997329712	-23.096220927031
8.4119997024536	-23.010773922375
8.4189996719360	-22.927847420261
8.4259996414185	-22.847611770300
8.4329996109009	-22.770249010591
8.4399995803833	-22.695948351825
8.4469995498657	-22.624898962021
8.4540004730225	-22.557286955889
8.4610004425049	-22.493292621288
8.4680004119873	-22.433083186162
8.4750003814697	-22.376810686306
8.4820003509521	-22.324608976190
8.4890003204346	-22.276587464017
8.4960002899170	-22.232832764946
8.5030002593994	-22.193404237867
8.5100002288818	-22.158330433737
8.5170001983643	-22.127614755056
8.5240001678467	-22.101224986914
8.5310001373291	-22.079106195807
8.5380001068115	-22.061167744108
8.5450000762939	-22.047295237042
8.5520000457764	-22.037342862372
8.5590000152588	-22.031145513894
8.5659999847412	-22.028514338929
8.5729999542236	-22.029244943443
8.5799999237061	-22.033115516650
8.5869998931885	-22.039895917361
8.5939998626709	-22.049348019168
8.6009998321533	-22.061234218035
8.6079998016357	-22.075318049562
8.6149997711182	-22.091374810729
8.6219997406006	-22.109184715563
8.6289997100830	-22.128551797583
8.6359996795654	-22.149298046755
8.6429996490479	-22.171266506366
8.6499996185303	-22.194326683399
8.6569995880127	-22.218378625174
8.6639995574951	-22.243350653447
8.6709995269775	-22.269195013732
8.6780004501343	-22.295896547391
8.6850004196167	-22.323466173263
8.6920003890991	-22.351931928674
8.6990003585815	-22.381345007033
8.7060003280640	-22.411771571836
8.7130002975464	-22.443284468801
8.7200002670288	-22.475964322158
8.7270002365112	-22.509890283857
8.7340002059937	-22.545129496719
8.7410001754761	-22.581744837785
8.7480001449585	-22.619770399129
8.7550001144409	-22.659224662960
8.7620000839233	-22.700094435532
8.7690000534058	-22.742335589062
8.7760000228882	-22.785866170209
8.7829999923706	-22.830566381911
8.7899999618530	-22.876276949189
8.7969999313354	-22.922801966828
8.8039999008179	-22.969900953271
8.8109998703003	-23.017299700659
8.8179998397827	-23.064692095388
8.8249998092651	-23.111739651198
8.8319997787476	-23.158086429352
8.8389997482300	-23.203354679038
8.8459997177124	-23.247166017038
8.8529996871948	-23.289140448012
8.8599996566772	-23.328912547624
8.8669996261597	-23.366136970247
8.8739995956421	-23.400500540598
8.8809995651245	-23.431732598104
8.8879995346069	-23.459607139205
8.8950004577637	-23.483960436983
8.9020004272461	-23.504684034344
8.9090003967285	-23.521733598224
8.9160003662109	-23.535134017542
8.9230003356934	-23.544967143983
8.9300003051758	-23.551375625686
8.9370002746582	-23.554555692957
8.9440002441406	-23.554747770305
8.9510002136230	-23.552228891547
8.9580001831055	-23.547300635806
8.9650001525879	-23.540282261112
8.9720001220703	-23.531497310146
8.9790000915527	-23.521258631214
8.9860000610352	-23.509870983104
8.9930000305176	-23.497610723309
9.0000000000000	-23.484721721155
