#Parameters = {height_plate=120; width_plate=120; t_skin=50; d_antenna=50}
#"Frequency / GHz"	"S1,1 [Magnitude / dB]"
#-----------------------------------------
2.0000000000000	-2.7454130196062
2.0069999694824	-2.7455323757743
2.0139999389648	-2.7456515422105
2.0209999084473	-2.7457711604343
2.0280001163483	-2.7458903576927
2.0350000858307	-2.7460112812653
2.0420000553131	-2.7461305970124
2.0490000247955	-2.7462519288620
2.0559999942780	-2.7463736869714
2.0629999637604	-2.7464956246473
2.0699999332428	-2.7466170967373
2.0769999027252	-2.7467402801552
2.0840001106262	-2.7468628996660
2.0910000801086	-2.7469871859028
2.0980000495911	-2.7471117442481
2.1050000190735	-2.7472355258409
2.1119999885559	-2.7473597145938
2.1189999580383	-2.7474854673569
2.1259999275208	-2.7476113707399
2.1329998970032	-2.7477368852146
2.1400001049042	-2.7478644068485
2.1470000743866	-2.7479907736031
2.1540000438690	-2.7481189698216
2.1610000133514	-2.7482461223719
2.1679999828339	-2.7483755023576
2.1749999523163	-2.7485049326668
2.1819999217987	-2.7486340780020
2.1889998912811	-2.7487646226295
2.1960000991821	-2.7488951305774
2.2030000686646	-2.7490259188835
2.2100000381470	-2.7491572516518
2.2170000076294	-2.7492906528768
2.2239999771118	-2.7494227259852
2.2309999465942	-2.7495555529643
2.2379999160767	-2.7496897876209
2.2449998855591	-2.7498233059308
2.2520000934601	-2.7499578697243
2.2590000629425	-2.7500935670884
2.2660000324249	-2.7502292246650
2.2730000019073	-2.7503648654310
2.2799999713898	-2.7505023988510
2.2869999408722	-2.7506393119623
2.2939999103546	-2.7507780779104
2.3010001182556	-2.7509150338950
2.3080000877380	-2.7510550934800
2.3150000572205	-2.7511935841913
2.3220000267029	-2.7513337230591
2.3289999961853	-2.7514746406351
2.3359999656677	-2.7516158126106
2.3429999351501	-2.7517568671615
2.3499999046326	-2.7518989415060
2.3570001125336	-2.7520404842889
2.3640000820160	-2.7521840592945
2.3710000514984	-2.7523280387876
2.3780000209808	-2.7524713497185
2.3849999904633	-2.7526170253434
2.3919999599457	-2.7527616141528
2.3989999294281	-2.7529076558018
2.4059998989105	-2.7530535848603
2.4130001068115	-2.7531997721577
2.4200000762939	-2.7533463829096
2.4270000457764	-2.7534947367217
2.4340000152588	-2.7536425135644
2.4409999847412	-2.7537909431155
2.4479999542236	-2.7539401257342
2.4549999237061	-2.7540891955899
2.4619998931885	-2.7542398549410
2.4690001010895	-2.7543895783082
2.4760000705719	-2.7545409022091
2.4830000400543	-2.7546926228413
2.4900000095367	-2.7548439397093
2.4969999790192	-2.7549961790722
2.5039999485016	-2.7551489356751
2.5109999179840	-2.7553026180548
2.5179998874664	-2.7554564428319
2.5250000953674	-2.7556107851201
2.5320000648499	-2.7557647860287
2.5390000343323	-2.7559197750245
2.5460000038147	-2.7560750884707
2.5529999732971	-2.7562300725432
2.5599999427795	-2.7563859658750
2.5669999122620	-2.7565432775195
2.5739998817444	-2.7566996151002
2.5810000896454	-2.7568569510513
2.5880000591278	-2.7570158642309
2.5950000286102	-2.7571745797515
2.6019999980927	-2.7573328224279
2.6089999675751	-2.7574924872918
2.6159999370575	-2.7576516152412
2.6229999065399	-2.7578115008360
2.6300001144409	-2.7579731074140
2.6370000839233	-2.7581327215177
2.6440000534058	-2.7582946325353
2.6510000228882	-2.7584569259655
2.6579999923706	-2.7586179079493
2.6649999618530	-2.7587819233368
2.6719999313354	-2.7589446223863
2.6789999008179	-2.7591076024719
2.6860001087189	-2.7592718482160
2.6930000782013	-2.7594351453715
2.7000000476837	-2.7595996932841
2.7070000171661	-2.7597644822795
2.7139999866486	-2.7599307927741
2.7209999561310	-2.7600962755866
2.7279999256134	-2.7602613336776
2.7349998950958	-2.7604299992010
2.7420001029968	-2.7605966851036
2.7490000724792	-2.7607630599531
2.7560000419617	-2.7609318528746
2.7630000114441	-2.7610996761127
2.7699999809265	-2.7612688607678
2.7769999504089	-2.7614382234767
2.7839999198914	-2.7616081651342
2.7909998893738	-2.7617782038116
2.7980000972748	-2.7619483694138
2.8050000667572	-2.7621187374999
2.8120000362396	-2.7622916564089
2.8190000057220	-2.7624630480350
2.8259999752045	-2.7626359646270
2.8329999446869	-2.7628084684895
2.8399999141693	-2.7629810594524
2.8469998836517	-2.7631543219077
2.8540000915527	-2.7633292921734
2.8610000610352	-2.7635035356264
2.8680000305176	-2.7636787027342
2.8750000000000	-2.7638538631554
2.8819999694824	-2.7640306204680
2.8889999389648	-2.7642069252801
2.8959999084473	-2.7643835357382
2.9030001163483	-2.7645609455001
2.9100000858307	-2.7647390957751
2.9170000553131	-2.7649171266566
2.9240000247955	-2.7650962206725
2.9309999942780	-2.7652764185095
2.9379999637604	-2.7654558341213
2.9449999332428	-2.7656359798046
2.9519999027252	-2.7658163397161
2.9590001106262	-2.7659981850018
2.9660000801086	-2.7661799061403
2.9730000495911	-2.7663625947591
2.9800000190735	-2.7665456287902
2.9869999885559	-2.7667280882988
2.9939999580383	-2.7669123178693
3.0009999275208	-2.7670974284771
3.0079998970032	-2.7672811708837
3.0150001049042	-2.7674674259568
3.0220000743866	-2.7676534518581
3.0290000438690	-2.7678385601368
3.0360000133514	-2.7680261690374
3.0429999828339	-2.7682127276137
3.0499999523163	-2.7684008422850
3.0569999217987	-2.7685899317766
3.0639998912811	-2.7687790386530
3.0710000991821	-2.7689681946460
3.0780000686646	-2.7691578009667
3.0850000381470	-2.7693496263484
3.0920000076294	-2.7695404653199
3.0989999771118	-2.7697310945080
3.1059999465942	-2.7699238268250
3.1129999160767	-2.7701155539346
3.1199998855591	-2.7703095326812
3.1270000934601	-2.7705027329123
3.1340000629425	-2.7706963278028
3.1410000324249	-2.7708906940437
3.1480000019073	-2.7710868475513
3.1549999713898	-2.7712821515453
3.1619999408722	-2.7714787062218
3.1689999103546	-2.7716749547262
3.1760001182556	-2.7718729010099
3.1830000877380	-2.7720698650795
3.1900000572205	-2.7722679878155
3.1970000267029	-2.7724670437858
3.2039999961853	-2.7726658590996
3.2109999656677	-2.7728659071754
3.2179999351501	-2.7730661858520
3.2249999046326	-2.7732667636398
3.2320001125336	-2.7734682551715
3.2390000820160	-2.7736702273245
3.2460000514984	-2.7738722177586
3.2530000209808	-2.7740741619462
3.2599999904633	-2.7742777554792
3.2669999599457	-2.7744816927474
3.2739999294281	-2.7746869181507
3.2809998989105	-2.7748904404377
3.2880001068115	-2.7750962054638
3.2950000762939	-2.7753001604357
3.3020000457764	-2.7755070845900
3.3090000152588	-2.7757146200560
3.3159999847412	-2.7759204663611
3.3229999542236	-2.7761281244629
3.3299999237061	-2.7763361612166
3.3369998931885	-2.7765441350264
3.3440001010895	-2.7767523817373
3.3510000705719	-2.7769623169046
3.3580000400543	-2.7771713176607
3.3650000095367	-2.7773811814909
3.3719999790192	-2.7775930382176
3.3789999485016	-2.7778032016103
3.3859999179840	-2.7780149673461
3.3929998874664	-2.7782269814821
3.4000000953674	-2.7784408383528
3.4070000648499	-2.7786540865706
3.4140000343323	-2.7788670468832
3.4210000038147	-2.7790796937564
3.4279999732971	-2.7792954117393
3.4349999427795	-2.7795102762773
3.4419999122620	-2.7797257396701
3.4489998817444	-2.7799407274540
3.4560000896454	-2.7801578000329
3.4630000591278	-2.7803744760650
3.4700000286102	-2.7805915211005
3.4769999980927	-2.7808098865953
3.4839999675751	-2.7810271475543
3.4909999370575	-2.7812462823848
3.4979999065399	-2.7814652331965
3.5050001144409	-2.7816849771417
3.5120000839233	-2.7819049036392
3.5190000534058	-2.7821246438486
3.5260000228882	-2.7823454284224
3.5329999923706	-2.7825679759148
3.5399999618530	-2.7827895635182
3.5469999313354	-2.7830114171838
3.5539999008179	-2.7832344818114
3.5610001087189	-2.7834572782122
3.5680000782013	-2.7836821862549
3.5750000476837	-2.7839064498094
3.5820000171661	-2.7841311536302
3.5889999866486	-2.7843563592792
3.5959999561310	-2.7845824559025
3.6029999256134	-2.7848095066446
3.6099998950958	-2.7850356833483
3.6170001029968	-2.7852633671663
3.6240000724792	-2.7854910264502
3.6310000419617	-2.7857192922021
3.6380000114441	-2.7859481196912
3.6449999809265	-2.7861776329788
3.6519999504089	-2.7864082699326
3.6589999198914	-2.7866385678449
3.6659998893738	-2.7868695962952
3.6730000972748	-2.7871009333383
3.6800000667572	-2.7873326705650
3.6870000362396	-2.7875651871748
3.6940000057220	-2.7877984264420
3.7009999752045	-2.7880317370954
3.7079999446869	-2.7882665634108
3.7149999141693	-2.7885009714092
3.7219998836517	-2.7887372849028
3.7290000915527	-2.7889723222066
3.7360000610352	-2.7892097765215
3.7430000305176	-2.7894460625849
3.7500000000000	-2.7896835005959
3.7569999694824	-2.7899216264839
3.7639999389648	-2.7901597193613
3.7709999084473	-2.7903988847882
3.7780001163483	-2.7906390042733
3.7850000858307	-2.7908788940450
3.7920000553131	-2.7911196882207
3.7990000247955	-2.7913616873692
3.8059999942780	-2.7916038403457
3.8129999637604	-2.7918462729846
3.8199999332428	-2.7920888909936
3.8269999027252	-2.7923317935193
3.8340001106262	-2.7925768212574
3.8410000801086	-2.7928217325800
3.8480000495911	-2.7930666860086
3.8550000190735	-2.7933126201229
3.8619999885559	-2.7935598402793
3.8689999580383	-2.7938065506134
3.8759999275208	-2.7940539527435
3.8829998970032	-2.7943024610119
3.8900001049042	-2.7945511557758
3.8970000743866	-2.7948004330103
3.9040000438690	-2.7950503336502
3.9110000133514	-2.7953013529283
3.9179999828339	-2.7955522480269
3.9249999523163	-2.7958037129357
3.9319999217987	-2.7960559841472
3.9389998912811	-2.7963075053825
3.9460000991821	-2.7965623553873
3.9530000686646	-2.7968154781831
3.9600000381470	-2.7970695762017
3.9670000076294	-2.7973251225118
3.9739999771118	-2.7975804645489
3.9809999465942	-2.7978351234506
3.9879999160767	-2.7980918902847
3.9949998855591	-2.7983491918084
4.0019998550415	-2.7986067549014
4.0089998245239	-2.7988648611253
4.0159997940063	-2.7991244476373
4.0229997634888	-2.7993840596165
4.0300002098083	-2.7996439781614
4.0370001792908	-2.7999039060389
4.0440001487732	-2.8001650929903
4.0510001182556	-2.8004268330251
4.0580000877380	-2.8006888156802
4.0650000572205	-2.8009511836677
4.0720000267029	-2.8012138105916
4.0789999961853	-2.8014781657735
4.0859999656677	-2.8017415567922
4.0929999351501	-2.8020062680247
4.0999999046326	-2.8022713427069
4.1069998741150	-2.8025364269045
4.1139998435974	-2.8028029173219
4.1209998130798	-2.8030690811796
4.1279997825623	-2.8033366184358
4.1350002288818	-2.8036042860468
4.1420001983643	-2.8038721917846
4.1490001678467	-2.8041399217727
4.1560001373291	-2.8044096141018
4.1630001068115	-2.8046792135090
4.1700000762939	-2.8049494275618
4.1770000457764	-2.8052192090149
4.1840000152588	-2.8054919601178
4.1909999847412	-2.8057625730355
4.1979999542236	-2.8060356615497
4.2049999237061	-2.8063085547943
4.2119998931885	-2.8065806905833
4.2189998626709	-2.8068549222790
4.2259998321533	-2.8071278783013
4.2329998016357	-2.8074030558427
4.2399997711182	-2.8076771581996
4.2470002174377	-2.8079525185201
4.2540001869202	-2.8082287256229
4.2610001564026	-2.8085045061333
4.2680001258850	-2.8087815736454
4.2750000953674	-2.8090590088612
4.2820000648499	-2.8093377616317
4.2890000343323	-2.8096161478182
4.2960000038147	-2.8098942417437
4.3029999732971	-2.8101737816760
4.3099999427795	-2.8104540408303
4.3169999122620	-2.8107336741945
4.3239998817444	-2.8110144661881
4.3309998512268	-2.8112957968204
4.3379998207092	-2.8115774592224
4.3449997901917	-2.8118602634193
4.3520002365112	-2.8121427240736
4.3590002059937	-2.8124258018831
4.3660001754761	-2.8127094154187
4.3730001449585	-2.8129946185733
4.3800001144409	-2.8132794155726
4.3870000839233	-2.8135635982188
4.3940000534058	-2.8138493876562
4.4010000228882	-2.8141360259039
4.4079999923706	-2.8144231303233
4.4149999618530	-2.8147106609874
4.4219999313354	-2.8149983660612
4.4289999008179	-2.8152870643664
4.4359998703003	-2.8155751835553
4.4429998397827	-2.8158651227443
4.4499998092651	-2.8161547079066
4.4569997787476	-2.8164450448031
4.4640002250671	-2.8167355161993
4.4710001945496	-2.8170273598276
4.4780001640320	-2.8173193722004
4.4850001335144	-2.8176122086410
4.4920001029968	-2.8179055091490
4.4990000724792	-2.8181987127202
4.5060000419617	-2.8184926594644
4.5130000114441	-2.8187867109721
4.5199999809265	-2.8190832117656
4.5269999504089	-2.8193790086185
4.5339999198914	-2.8196748529999
4.5409998893738	-2.8199719343987
4.5479998588562	-2.8202689533595
4.5549998283386	-2.8205678450287
4.5619997978210	-2.8208654381095
4.5689997673035	-2.8211652597458
4.5760002136230	-2.8214647470713
4.5830001831055	-2.8217648444893
4.5900001525879	-2.8220665710895
4.5970001220703	-2.8223674335788
4.6040000915527	-2.8226700659733
4.6110000610352	-2.8229720195076
4.6180000305176	-2.8232753331939
4.6250000000000	-2.8235789939855
4.6319999694824	-2.8238838981619
4.6389999389648	-2.8241889158525
4.6459999084473	-2.8244943253537
4.6529998779297	-2.8247998371107
4.6599998474121	-2.8251068040967
4.6669998168945	-2.8254150497965
4.6739997863770	-2.8257223692542
4.6810002326965	-2.8260305547132
4.6880002021790	-2.8263393022148
4.6950001716614	-2.8266497289985
4.7020001411438	-2.8269598308317
4.7090001106262	-2.8272715865323
4.7160000801086	-2.8275832493280
4.7230000495911	-2.8278945571802
4.7300000190735	-2.8282076462440
4.7369999885559	-2.8285207680124
4.7439999580383	-2.8288345670936
4.7509999275208	-2.8291500211757
4.7579998970032	-2.8294641716381
4.7649998664856	-2.8297792782947
4.7719998359680	-2.8300963147746
4.7789998054504	-2.8304123963918
4.7859997749329	-2.8307304704319
4.7930002212524	-2.8310488021254
4.8000001907349	-2.8313675523281
4.8070001602173	-2.8316866939483
4.8140001296997	-2.8320060942398
4.8210000991821	-2.8323272522889
4.8280000686646	-2.8326490228918
4.8350000381470	-2.8329700901418
4.8420000076294	-2.8332911054424
4.8489999771118	-2.8336148988467
4.8559999465942	-2.8339379279247
4.8629999160767	-2.8342623199231
4.8699998855591	-2.8345883689931
4.8769998550415	-2.8349123442153
4.8839998245239	-2.8352386383086
4.8909997940063	-2.8355650568570
4.8979997634888	-2.8358918707994
4.9050002098083	-2.8362193033269
4.9120001792908	-2.8365470719373
4.9190001487732	-2.8368762790158
4.9260001182556	-2.8372048100015
4.9330000877380	-2.8375362812086
4.9400000572205	-2.8378653520295
4.9470000267029	-2.8381979029948
4.9539999961853	-2.8385288086454
4.9609999656677	-2.8388618586968
4.9679999351501	-2.8391934183324
4.9749999046326	-2.8395282056643
4.9819998741150	-2.8398611657349
4.9889998435974	-2.8401967006418
4.9959998130798	-2.8405306951480
5.0029997825623	-2.8408673549623
5.0100002288818	-2.8412030280227
5.0170001983643	-2.8415397901529
5.0240001678467	-2.8418766886180
5.0310001373291	-2.8422153591046
5.0380001068115	-2.8425530743335
5.0450000762939	-2.8428926743688
5.0520000457764	-2.8432319136334
5.0590000152588	-2.8435728827913
5.0659999847412	-2.8439137445724
5.0729999542236	-2.8442543524543
5.0799999237061	-2.8445965484395
5.0869998931885	-2.8449396830762
5.0939998626709	-2.8452817602398
5.1009998321533	-2.8456258797705
5.1079998016357	-2.8459701351642
5.1149997711182	-2.8463138332590
5.1220002174377	-2.8466595603466
5.1290001869202	-2.8470050397926
5.1360001564026	-2.8473516625496
5.1430001258850	-2.8476990685232
5.1500000953674	-2.8480466673246
5.1570000648499	-2.8483937023776
5.1640000343323	-2.8487432219910
5.1710000038147	-2.8490920826455
5.1779999732971	-2.8494415377465
5.1849999427795	-2.8497926892864
5.1919999122620	-2.8501423459009
5.1989998817444	-2.8504937321312
5.2059998512268	-2.8508472333058
5.2129998207092	-2.8511992253751
5.2199997901917	-2.8515522924654
5.2270002365112	-2.8519051501570
5.2340002059937	-2.8522598173110
5.2410001754761	-2.8526151642980
5.2480001449585	-2.8529704631464
5.2550001144409	-2.8533268595504
5.2620000839233	-2.8536828273261
5.2690000534058	-2.8540398330846
5.2760000228882	-2.8543971212104
5.2829999923706	-2.8547560088345
5.2899999618530	-2.8551144645781
5.2969999313354	-2.8554743193099
5.3039999008179	-2.8558336335054
5.3109998703003	-2.8561948005875
5.3179998397827	-2.8565562625458
5.3249998092651	-2.8569174464050
5.3319997787476	-2.8572803305681
5.3390002250671	-2.8576426075927
5.3460001945496	-2.8580066460650
5.3530001640320	-2.8583714063854
5.3600001335144	-2.8587355707186
5.3670001029968	-2.8591009861999
5.3740000724792	-2.8594668178515
5.3810000419617	-2.8598331176088
5.3880000114441	-2.8601995675041
5.3949999809265	-2.8605676470989
5.4019999504089	-2.8609363798732
5.4089999198914	-2.8613048108359
5.4159998893738	-2.8616746798471
5.4229998588562	-2.8620450400943
5.4299998283386	-2.8624158887514
5.4369997978210	-2.8627862264942
5.4439997673035	-2.8631583911690
5.4510002136230	-2.8635304595971
5.4580001831055	-2.8639036269511
5.4650001525879	-2.8642774456089
5.4720001220703	-2.8646522814690
5.4790000915527	-2.8650273620761
5.4860000610352	-2.8654018796436
5.4930000305176	-2.8657791388039
5.5000000000000	-2.8661561097072
5.5069999694824	-2.8665329915763
5.5139999389648	-2.8669101317372
5.5209999084473	-2.8672885997712
5.5279998779297	-2.8676693028157
5.5349998474121	-2.8680478992434
5.5419998168945	-2.8684278758349
5.5489997863770	-2.8688087650747
5.5560002326965	-2.8691918367400
5.5630002021790	-2.8695734133803
5.5700001716614	-2.8699567977096
5.5770001411438	-2.8703397496012
5.5840001106262	-2.8707239271900
5.5910000801086	-2.8711096410638
5.5980000495911	-2.8714939652655
5.6050000190735	-2.8718796915958
5.6119999885559	-2.8722653920291
5.6189999580383	-2.8726547023801
5.6259999275208	-2.8730420533480
5.6329998970032	-2.8734295690351
5.6399998664856	-2.8738188436778
5.6469998359680	-2.8742077800824
5.6539998054504	-2.8745977470165
5.6609997749329	-2.8749903244559
5.6680002212524	-2.8753815427435
5.6750001907349	-2.8757732464488
5.6820001602173	-2.8761651511491
5.6890001296997	-2.8765599278649
5.6960000991821	-2.8769537644024
5.7030000686646	-2.8773476003162
5.7100000381470	-2.8777429518923
5.7170000076294	-2.8781380639993
5.7239999771118	-2.8785358250110
5.7309999465942	-2.8789312447374
5.7379999160767	-2.8793293818233
5.7449998855591	-2.8797274454102
5.7519998550415	-2.8801264751483
5.7589998245239	-2.8805253513159
5.7659997940063	-2.8809248272779
5.7729997634888	-2.8813267900462
5.7800002098083	-2.8817276515169
5.7870001792908	-2.8821291951153
5.7940001487732	-2.8825325376807
5.8010001182556	-2.8829344156024
5.8080000877380	-2.8833386805314
5.8150000572205	-2.8837434494062
5.8220000267029	-2.8841474839608
5.8289999961853	-2.8845535546495
5.8359999656677	-2.8849586339104
5.8429999351501	-2.8853655079458
5.8499999046326	-2.8857737246033
5.8569998741150	-2.8861810896061
5.8639998435974	-2.8865896159713
5.8709998130798	-2.8869993574744
5.8779997825623	-2.8874082037879
5.8850002288818	-2.8878187016204
5.8920001983643	-2.8882304304431
5.8990001678467	-2.8886407999604
5.9060001373291	-2.8890539599598
5.9130001068115	-2.8894670800232
5.9200000762939	-2.8898797196956
5.9270000457764	-2.8902937265122
5.9340000152588	-2.8907082156550
5.9409999847412	-2.8911241689476
5.9479999542236	-2.8915393506380
5.9549999237061	-2.8919562085929
5.9619998931885	-2.8923734480273
5.9689998626709	-2.8927907916906
5.9759998321533	-2.8932093142012
5.9829998016357	-2.8936282850209
5.9899997711182	-2.8940472221320
5.9970002174377	-2.8944675940856
6.0040001869202	-2.8948874592334
6.0110001564026	-2.8953096250312
6.0180001258850	-2.8957311159388
6.0250000953674	-2.8961539417496
6.0320000648499	-2.8965767907012
6.0390000343323	-2.8970012542414
6.0460000038147	-2.8974246904230
6.0529999732971	-2.8978502741358
6.0599999427795	-2.8982758724854
6.0669999122620	-2.8987021015974
6.0739998817444	-2.8991293099549
6.0809998512268	-2.8995564820505
6.0879998207092	-2.8999841388746
6.0949997901917	-2.9004131634672
6.1020002365112	-2.9008436117892
6.1090002059937	-2.9012730963795
6.1160001754761	-2.9017036815871
6.1230001449585	-2.9021333429714
6.1300001144409	-2.9025668442636
6.1370000839233	-2.9029993052696
6.1440000534058	-2.9034324018254
6.1510000228882	-2.9038645075300
6.1579999923706	-2.9042998524385
6.1649999618530	-2.9047339327880
6.1719999313354	-2.9051702321373
6.1789999008179	-2.9056068528188
6.1859998703003	-2.9060429412349
6.1929998397827	-2.9064799102759
6.1999998092651	-2.9069190216958
6.2069997787476	-2.9073581191014
6.2140002250671	-2.9077963948394
6.2210001945496	-2.9082374929924
6.2280001640320	-2.9086782548956
6.2350001335144	-2.9091194760056
6.2420001029968	-2.9095597964572
6.2490000724792	-2.9100029511667
6.2560000419617	-2.9104472885284
6.2630000114441	-2.9108896183595
6.2699999809265	-2.9113338932395
6.2769999504089	-2.9117804005292
6.2839999198914	-2.9122244725053
6.2909998893738	-2.9126722600092
6.2979998588562	-2.9131176559201
6.3049998283386	-2.9135654561956
6.3119997978210	-2.9140137176019
6.3189997673035	-2.9144626955984
6.3260002136230	-2.9149121889970
6.3330001831055	-2.9153628585313
6.3400001525879	-2.9158125356684
6.3470001220703	-2.9162656654776
6.3540000915527	-2.9167172976494
6.3610000610352	-2.9171695501086
6.3680000305176	-2.9176215804372
6.3750000000000	-2.9180756373653
6.3819999694824	-2.9185312837249
6.3889999389648	-2.9189861527004
6.3959999084473	-2.9194407574742
6.4029998779297	-2.9198983998350
6.4099998474121	-2.9203547738311
6.4169998168945	-2.9208130361473
6.4239997863770	-2.9212707854366
6.4310002326965	-2.9217297848607
6.4380002021790	-2.9221886183062
6.4450001716614	-2.9226500907270
6.4520001411438	-2.9231113106973
6.4590001106262	-2.9235720195643
6.4660000801086	-2.9240344630575
6.4730000495911	-2.9244962292276
6.4800000190735	-2.9249594087592
6.4869999885559	-2.9254238986345
6.4939999580383	-2.9258892991236
6.5009999275208	-2.9263541937521
6.5079998970032	-2.9268200022910
6.5149998664856	-2.9272865221755
6.5219998359680	-2.9277540691553
6.5289998054504	-2.9282215383487
6.5359997749329	-2.9286896475134
6.5430002212524	-2.9291588176682
6.5500001907349	-2.9296283651817
6.5570001602173	-2.9300987454192
6.5640001296997	-2.9305693679687
6.5710000991821	-2.9310405289462
6.5780000686646	-2.9315125047118
6.5850000381470	-2.9319863537334
6.5920000076294	-2.9324594715529
6.5989999771118	-2.9329338506629
6.6059999465942	-2.9334090262360
6.6129999160767	-2.9338842163062
6.6199998855591	-2.9343604530805
6.6269998550415	-2.9348362522843
6.6339998245239	-2.9353135266808
6.6409997940063	-2.9357917243694
6.6479997634888	-2.9362697312274
6.6550002098083	-2.9367492134320
6.6620001792908	-2.9372290864854
6.6690001487732	-2.9377098573988
6.6760001182556	-2.9381912041657
6.6830000877380	-2.9386724681971
6.6900000572205	-2.9391548223743
6.6970000267029	-2.9396376729637
6.7039999961853	-2.9401214438932
6.7109999656677	-2.9406061524673
6.7179999351501	-2.9410905703011
6.7249999046326	-2.9415767584437
6.7319998741150	-2.9420621101526
6.7389998435974	-2.9425497984932
6.7459998130798	-2.9430372345613
6.7529997825623	-2.9435258912199
6.7600002288818	-2.9440135147494
6.7670001983643	-2.9445032222043
6.7740001678467	-2.9449936704193
6.7810001373291	-2.9454838794469
6.7880001068115	-2.9459753605305
6.7950000762939	-2.9464678362346
6.8020000457764	-2.9469607139081
6.8090000152588	-2.9474535808113
6.8159999847412	-2.9479474117549
6.8229999542236	-2.9484424155932
6.8299999237061	-2.9489386375124
6.8369998931885	-2.9494338055893
6.8439998626709	-2.9499312808671
6.8509998321533	-2.9504284960278
6.8579998016357	-2.9509266234253
6.8649997711182	-2.9514255494226
6.8720002174377	-2.9519255762224
6.8790001869202	-2.9524248288389
6.8860001564026	-2.9529257336767
6.8930001258850	-2.9534270982074
6.9000000953674	-2.9539294176467
6.9070000648499	-2.9544318462737
6.9140000343323	-2.9549348809746
6.9210000038147	-2.9554381384123
6.9279999732971	-2.9559435789709
6.9349999427795	-2.9564478247066
6.9419999122620	-2.9569548838113
6.9489998817444	-2.9574617844457
6.9559998512268	-2.9579682936953
6.9629998207092	-2.9584765043531
6.9699997901917	-2.9589851900418
6.9770002365112	-2.9594937282846
6.9840002059937	-2.9600046529024
6.9910001754761	-2.9605148611345
6.9980001449585	-2.9610263300237
7.0050001144409	-2.9615382064331
7.0120000839233	-2.9620500720628
7.0190000534058	-2.9625641898973
7.0260000228882	-2.9630782755241
7.0329999923706	-2.9635916459970
7.0399999618530	-2.9641066196486
7.0469999313354	-2.9646227028558
7.0539999008179	-2.9651398422700
7.0609998703003	-2.9656559519876
7.0679998397827	-2.9661738606190
7.0749998092651	-2.9666918062880
7.0819997787476	-2.9672113661214
7.0890002250671	-2.9677304633712
7.0960001945496	-2.9682508574382
7.1030001640320	-2.9687725207951
7.1100001335144	-2.9692937168899
7.1170001029968	-2.9698167387435
7.1240000724792	-2.9703398752352
7.1310000419617	-2.9708632179614
7.1380000114441	-2.9713881387126
7.1449999809265	-2.9719127777563
7.1519999504089	-2.9724381897762
7.1589999198914	-2.9729646979271
7.1659998893738	-2.9734920130540
7.1729998588562	-2.9740196244871
7.1799998283386	-2.9745467507418
7.1869997978210	-2.9750760242617
7.1939997673035	-2.9756058356529
7.2010002136230	-2.9761361450348
7.2080001831055	-2.9766658888304
7.2150001525879	-2.9771982289432
7.2220001220703	-2.9777298896820
7.2290000915527	-2.9782626364614
7.2360000610352	-2.9787961271929
7.2430000305176	-2.9793302454592
7.2500000000000	-2.9798646864730
7.2569999694824	-2.9803999822184
7.2639999389648	-2.9809363512619
7.2709999084473	-2.9814720890805
7.2779998779297	-2.9820095079546
7.2849998474121	-2.9825465607593
7.2919998168945	-2.9830856392466
7.2989997863770	-2.9836240712003
7.3060002326965	-2.9841651868604
7.3130002021790	-2.9847050082075
7.3200001716614	-2.9852455500704
7.3270001411438	-2.9857873001826
7.3340001106262	-2.9863296104908
7.3410000801086	-2.9868737674459
7.3480000495911	-2.9874171476551
7.3550000190735	-2.9879612383208
7.3619999885559	-2.9885064584232
7.3689999580383	-2.9890515544804
7.3759999275208	-2.9895985989727
7.3829998970032	-2.9901442885981
7.3899998664856	-2.9906923556077
7.3969998359680	-2.9912396698591
7.4039998054504	-2.9917894047703
7.4109997749329	-2.9923386119966
7.4180002212524	-2.9928891812570
7.4250001907349	-2.9934398050113
7.4320001602173	-2.9939910878394
7.4390001296997	-2.9945440926430
7.4460000991821	-2.9950959535886
7.4530000686646	-2.9956486239080
7.4600000381470	-2.9962030794050
7.4670000076294	-2.9967578359615
7.4739999771118	-2.9973139764025
7.4809999465942	-2.9978687188809
7.4879999160767	-2.9984262948889
7.4949998855591	-2.9989833778446
7.5019998550415	-2.9995413933501
7.5089998245239	-3.0001000628603
7.5159997940063	-3.0006588563087
7.5229997634888	-3.0012184180467
7.5300002098083	-3.0017790453936
7.5370001792908	-3.0023407277862
7.5440001487732	-3.0029032035344
7.5510001182556	-3.0034653984128
7.5580000877380	-3.0040285123126
7.5650000572205	-3.0045927845694
7.5720000267029	-3.0051569124179
7.5789999961853	-3.0057228036803
7.5859999656677	-3.0062881831577
7.5929999351501	-3.0068547881637
7.5999999046326	-3.0074224612329
7.6069998741150	-3.0079894252294
7.6139998435974	-3.0085583957233
7.6209998130798	-3.0091290191304
7.6279997825623	-3.0096981784493
7.6350002288818	-3.0102689290152
7.6420001983643	-3.0108401928853
7.6490001678467	-3.0114115338688
7.6560001373291	-3.0119844309364
7.6630001068115	-3.0125575525465
7.6700000762939	-3.0131320689807
7.6770000457764	-3.0137063254997
7.6840000152588	-3.0142822118357
7.6909999847412	-3.0148579952382
7.6979999542236	-3.0154340508440
7.7049999237061	-3.0160115095955
7.7119998931885	-3.0165895654453
7.7189998626709	-3.0171684324186
7.7259998321533	-3.0177474832675
7.7329998016357	-3.0183274368021
7.7399997711182	-3.0189083296642
7.7470002174377	-3.0194900476430
7.7540001869202	-3.0200713931877
7.7610001564026	-3.0206548538235
7.7680001258850	-3.0212376043795
7.7750000953674	-3.0218220355417
7.7820000648499	-3.0224058120980
7.7890000343323	-3.0229925278034
7.7960000038147	-3.0235780636947
7.8029999732971	-3.0241648745855
7.8099999427795	-3.0247517150446
7.8169999122620	-3.0253396513291
7.8239998817444	-3.0259283522493
7.8309998512268	-3.0265179575506
7.8379998207092	-3.0271081416793
7.8449997901917	-3.0276981036195
7.8520002365112	-3.0282900598313
7.8590002059937	-3.0288824309753
7.8660001754761	-3.0294742813219
7.8730001449585	-3.0300679572037
7.8800001144409	-3.0306626551059
7.8870000839233	-3.0312567668082
7.8940000534058	-3.0318509598042
7.9010000228882	-3.0324471338508
7.9079999923706	-3.0330435440582
7.9149999618530	-3.0336416305494
7.9219999313354	-3.0342391953759
7.9289999008179	-3.0348371745116
7.9359998703003	-3.0354373588475
7.9429998397827	-3.0360360096761
7.9499998092651	-3.0366367467924
7.9569997787476	-3.0372379609703
7.9640002250671	-3.0378392122503
7.9710001945496	-3.0384413051093
7.9780001640320	-3.0390454929310
7.9850001335144	-3.0396479286690
7.9920001029968	-3.0402527101050
7.9990000724792	-3.0408573094365
8.0059995651245	-3.0414625649853
8.0129995346069	-3.0420693878007
8.0200004577637	-3.0426757016525
8.0270004272461	-3.0432837363499
8.0340003967285	-3.0438919461216
8.0410003662109	-3.0444999810448
8.0480003356934	-3.0451097304438
8.0550003051758	-3.0457195332695
8.0620002746582	-3.0463309213131
8.0690002441406	-3.0469427248523
8.0760002136230	-3.0475541871000
8.0830001831055	-3.0481664116627
8.0900001525879	-3.0487799800053
8.0970001220703	-3.0493945381302
8.1040000915527	-3.0500088805394
8.1110000610352	-3.0506245630609
8.1180000305176	-3.0512399176863
8.1250000000000	-3.0518564303304
8.1319999694824	-3.0524737012859
8.1389999389648	-3.0530919344810
8.1459999084473	-3.0537103302578
8.1529998779297	-3.0543292900947
8.1599998474121	-3.0549486428801
8.1669998168945	-3.0555691704971
8.1739997863770	-3.0561908865127
8.1809997558594	-3.0568123472639
8.1879997253418	-3.0574349937867
8.1949996948242	-3.0580587223543
8.2019996643066	-3.0586819170620
8.2089996337891	-3.0593063318238
8.2159996032715	-3.0599313791016
8.2229995727539	-3.0605571101873
8.2299995422363	-3.0611836750735
8.2370004653931	-3.0618111329629
8.2440004348755	-3.0624384191916
8.2510004043579	-3.0630669452591
8.2580003738403	-3.0636967379522
8.2650003433228	-3.0643254118403
8.2720003128052	-3.0649561162867
8.2790002822876	-3.0655871286333
8.2860002517700	-3.0662189714270
8.2930002212524	-3.0668511282678
8.3000001907349	-3.0674850972786
8.3070001602173	-3.0681184410182
8.3140001296997	-3.0687530326741
8.3210000991821	-3.0693883026849
8.3280000686646	-3.0700236396373
8.3350000381470	-3.0706600136684
8.3420000076294	-3.0712976396921
8.3489999771118	-3.0719361953185
8.3559999465942	-3.0725742260524
8.3629999160767	-3.0732129002092
8.3699998855591	-3.0738532925137
8.3769998550415	-3.0744935027388
8.3839998245239	-3.0751356641290
8.3909997940063	-3.0757772659953
8.3979997634888	-3.0764197928209
8.4049997329712	-3.0770628765594
8.4119997024536	-3.0777067359902
8.4189996719360	-3.0783520612780
8.4259996414185	-3.0789966974861
8.4329996109009	-3.0796423749115
8.4399995803833	-3.0802887453070
8.4469995498657	-3.0809361628693
8.4540004730225	-3.0815834548547
8.4610004425049	-3.0822322688663
8.4680004119873	-3.0828814668138
8.4750003814697	-3.0835299349710
8.4820003509521	-3.0841807551934
8.4890003204346	-3.0848318262331
8.4960002899170	-3.0854839063292
8.5030002593994	-3.0861374400008
8.5100002288818	-3.0867906193485
8.5170001983643	-3.0874435380858
8.5240001678467	-3.0880986106117
8.5310001373291	-3.0887537982544
8.5380001068115	-3.0894079834641
8.5450000762939	-3.0900649176397
8.5520000457764	-3.0907221159251
8.5590000152588	-3.0913812196046
8.5659999847412	-3.0920374635955
8.5729999542236	-3.0926967583337
8.5799999237061	-3.0933563024051
8.5869998931885	-3.0940160107143
8.5939998626709	-3.0946779931993
8.6009998321533	-3.0953385995612
8.6079998016357	-3.0960011624381
8.6149997711182	-3.0966629619948
8.6219997406006	-3.0973273660706
8.6289997100830	-3.0979899477664
8.6359996795654	-3.0986554518835
8.6429996490479	-3.0993205828492
8.6499996185303	-3.0999860958303
8.6569995880127	-3.1006522624218
8.6639995574951	-3.1013192181864
8.6709995269775	-3.1019871519068
8.6780004501343	-3.1026536014578
8.6850004196167	-3.1033236056673
8.6920003890991	-3.1039922116364
8.6990003585815	-3.1046620658929
8.7060003280640	-3.1053328334038
8.7130002975464	-3.1060037896863
8.7200002670288	-3.1066752979215
8.7270002365112	-3.1073475490298
8.7340002059937	-3.1080211600995
8.7410001754761	-3.1086937539412
8.7480001449585	-3.1093678197073
8.7550001144409	-3.1100422650800
8.7620000839233	-3.1107177616605
8.7690000534058	-3.1113931898810
8.7760000228882	-3.1120697698637
8.7829999923706	-3.1127472706478
8.7899999618530	-3.1134246042773
8.7969999313354	-3.1141029866294
8.8039999008179	-3.1147815229274
8.8109998703003	-3.1154611389630
8.8179998397827	-3.1161418964961
8.8249998092651	-3.1168224501910
8.8319997787476	-3.1175039529317
8.8389997482300	-3.1181856563138
8.8459997177124	-3.1188684204352
8.8529996871948	-3.1195505551930
8.8599996566772	-3.1202344952300
8.8669996261597	-3.1209187400766
8.8739995956421	-3.1216031355555
8.8809995651245	-3.1222898861172
8.8879995346069	-3.1229753236060
8.8950004577637	-3.1236618030615
8.9020004272461	-3.1243501262363
8.9090003967285	-3.1250371573588
8.9160003662109	-3.1257271809837
8.9230003356934	-3.1264160948333
8.9300003051758	-3.1271068520498
8.9370002746582	-3.1277967643808
8.9440002441406	-3.1284880196471
8.9510002136230	-3.1291806421164
8.9580001831055	-3.1298738459311
8.9650001525879	-3.1305667396922
8.9720001220703	-3.1312607254689
8.9790000915527	-3.1319547860513
8.9860000610352	-3.1326501350921
8.9930000305176	-3.1333457730827
9.0000000000000	-3.1340430106446
