        Frequency / GHz                S1,1/abs,dB
----------------------------------------------------------------------
                       2                      -9.5186635
                   2.007                      -9.5149334
               2.0139999                      -9.5121028
               2.0209999                      -9.5097679
               2.0280001                      -9.5075206
               2.0350001                      -9.5049519
               2.0420001                      -9.5016768
                   2.049                      -9.4973403
                   2.056                      -9.4916302
                   2.063                      -9.4842852
               2.0699999                      -9.4751079
               2.0769999                      -9.4639621
               2.0840001                      -9.4507795
               2.0910001                      -9.4355618
                   2.098                      -9.4183691
                   2.105                      -9.3993257
                   2.112                      -9.3786027
                   2.119                      -9.3564154
               2.1259999                      -9.3330081
               2.1329999                      -9.3086444
               2.1400001                      -9.2835992
               2.1470001                      -9.2581429
                   2.154                      -9.2325352
                   2.161                      -9.2070132
                   2.168                      -9.1817871
                   2.175                      -9.1570299
               2.1819999                      -9.1328764
               2.1889999                      -9.1094205
               2.1960001                      -9.0867126
               2.2030001                      -9.0647589
                    2.21                      -9.0435307
                   2.217                      -9.0229604
                   2.224                      -9.0029528
               2.2309999                      -8.9833832
               2.2379999                      -8.9641157
               2.2449999                      -8.9450001
               2.2520001                       -8.925886
               2.2590001                      -8.9066252
                   2.266                      -8.8870908
                   2.273                      -8.8671664
                    2.28                      -8.8467699
               2.2869999                      -8.8258474
               2.2939999                       -8.804378
               2.3010001                      -8.7823839
               2.3080001                      -8.7599186
               2.3150001                      -8.7370797
                   2.322                      -8.7139996
                   2.329                      -8.6908419
                   2.336                       -8.667798
               2.3429999                       -8.645087
               2.3499999                      -8.6229406
               2.3570001                      -8.6016054
               2.3640001                      -8.5813325
               2.3710001                      -8.5623698
                   2.378                      -8.5449591
                   2.385                      -8.5293283
                   2.392                      -8.5156901
               2.3989999                      -8.5042299
               2.4059999                      -8.4951109
               2.4130001                      -8.4884648
               2.4200001                      -8.4843922
                   2.427                      -8.4829614
                   2.434                      -8.4842047
                   2.441                      -8.4881244
                   2.448                       -8.494685
               2.4549999                      -8.5038227
               2.4619999                      -8.5154414
               2.4690001                       -8.529418
               2.4760001                      -8.5456046
                   2.483                      -8.5638293
                    2.49                      -8.5839025
                   2.497                      -8.6056249
               2.5039999                       -8.628778
               2.5109999                      -8.6531419
               2.5179999                      -8.6784933
               2.5250001                       -8.704612
               2.5320001                      -8.7312819
                   2.539                      -8.7582974
                   2.546                      -8.7854675
                   2.553                      -8.8126168
               2.5599999                      -8.8395889
               2.5669999                      -8.8662512
               2.5739999                      -8.8924956
               2.5810001                      -8.9182379
               2.5880001                      -8.9434198
                   2.595                       -8.968009
                   2.602                      -8.9919976
                   2.609                      -9.0154054
               2.6159999                      -9.0382706
               2.6229999                      -9.0606545
               2.6300001                      -9.0826321
               2.6370001                      -9.1042973
               2.6440001                      -9.1257509
                   2.651                       -9.147102
                   2.658                      -9.1684659
                   2.665                      -9.1899524
               2.6719999                      -9.2116674
               2.6789999                      -9.2337148
               2.6860001                      -9.2561776
               2.6930001                      -9.2791287
                     2.7                      -9.3026158
                   2.707                      -9.3266728
                   2.714                      -9.3513028
                   2.721                      -9.3764799
               2.7279999                      -9.4021542
               2.7349999                       -9.428244
               2.7420001                      -9.4546342
               2.7490001                       -9.481184
                   2.756                      -9.5077238
                   2.763                      -9.5340527
                    2.77                      -9.5599515
                   2.777                      -9.5851774
               2.7839999                      -9.6094768
               2.7909999                       -9.632584
               2.7980001                       -9.654236
               2.8050001                      -9.6741708
                   2.812                       -9.692141
                   2.819                      -9.7079235
                   2.826                      -9.7213226
               2.8329999                      -9.7321811
               2.8399999                      -9.7403861
               2.8469999                      -9.7458747
               2.8540001                      -9.7486392
               2.8610001                      -9.7487287
                   2.868                      -9.7462521
                   2.875                      -9.7413737
                   2.882                      -9.7343165
               2.8889999                      -9.7253486
               2.8959999                      -9.7147826
               2.9030001                      -9.7029665
               2.9100001                      -9.6902745
               2.9170001                      -9.6770944
                   2.924                      -9.6638185
                   2.931                      -9.6508333
                   2.938                      -9.6385073
               2.9449999                      -9.6271795
               2.9519999                      -9.6171553
               2.9590001                       -9.608687
               2.9660001                      -9.6019776
                   2.973                      -9.5971664
                    2.98                      -9.5943264
                   2.987                      -9.5934623
                   2.994                      -9.5945067
               3.0009999                      -9.5973197
               3.0079999                      -9.6016954
               3.0150001                      -9.6073577
               3.0220001                      -9.6139787
                   3.029                      -9.6211795
                   3.036                      -9.6285432
                   3.043                      -9.6356335
                    3.05                      -9.6420036
               3.0569999                      -9.6472211
               3.0639999                      -9.6508822
               3.0710001                      -9.6526335
               3.0780001                      -9.6521904
                   3.085                      -9.6493561
                   3.092                      -9.6440372
                   3.099                      -9.6362527
               3.1059999                      -9.6261494
               3.1129999                      -9.6140041
               3.1199999                        -9.60022
               3.1270001                      -9.5853322
               3.1340001                      -9.5699854
                   3.141                       -9.554939
                   3.148                      -9.5410388
                   3.155                      -9.5292086
               3.1619999                      -9.5204323
               3.1689999                      -9.5157355
               3.1760001                      -9.5161734
               3.1830001                      -9.5228091
               3.1900001                      -9.5367091
                   3.197                      -9.5589266
                   3.204                      -9.5904958
                   3.211                      -9.6324224
               3.2179999                      -9.6856851
               3.2249999                      -9.7512231
               3.2320001                      -9.8299437
               3.2390001                      -9.9227191
               3.2460001                      -10.030388
                   3.253                      -10.153752
                    3.26                      -10.293594
                   3.267                      -10.450661
               3.2739999                      -10.625683
               3.2809999                       -10.81937
               3.2880001                      -11.032415
               3.2950001                      -11.265499
                   3.302                      -11.519296
                   3.309                      -11.794471
                   3.316                      -12.091682
                   3.323                      -12.411586
               3.3299999                      -12.754824
               3.3369999                      -13.122035
               3.3440001                      -13.513837
               3.3510001                      -13.930815
                   3.358                       -14.37351
                   3.365                      -14.842386
                   3.372                      -15.337792
               3.3789999                      -15.859902
               3.3859999                      -16.408637
               3.3929999                      -16.983537
               3.4000001                      -17.583593
               3.4070001                      -18.207019
                   3.414                      -18.850917
                   3.421                      -19.510849
                   3.428                      -20.180285
               3.4349999                      -20.849955
               3.4419999                      -21.507178
               3.4489999                       -22.13538
               3.4560001                      -22.714154
               3.4630001                      -23.220339
                    3.47                      -23.630532
                   3.477                      -23.924927
                   3.484                      -24.091508
               3.4909999                      -24.128885
               3.4979999                      -24.046377
               3.5050001                      -23.861318
               3.5120001                       -23.59492
               3.5190001                      -23.268442
                   3.526                      -22.900631
                   3.533                       -22.50663
                    3.54                      -22.097894
               3.5469999                       -21.68268
               3.5539999                      -21.266708
               3.5610001                      -20.853812
               3.5680001                      -20.446489
                   3.575                       -20.04631
                   3.582                      -19.654234
                   3.589                      -19.270815
                   3.596                      -18.896354
               3.6029999                      -18.530982
               3.6099999                      -18.174736
               3.6170001                      -17.827579
               3.6240001                      -17.489432
                   3.631                      -17.160186
                   3.638                      -16.839705
                   3.645                      -16.527833
                   3.652                      -16.224402
               3.6589999                      -15.929234
               3.6659999                      -15.642142
               3.6730001                      -15.362942
               3.6800001                      -15.091453
                   3.687                      -14.827505
                   3.694                      -14.570946
                   3.701                      -14.321642
               3.7079999                      -14.079486
               3.7149999                      -13.844399
               3.7219999                      -13.616329
               3.7290001                      -13.395261
               3.7360001                        -13.1812
                   3.743                      -12.974186
                    3.75                      -12.774282
                   3.757                      -12.581566
               3.7639999                       -12.39614
               3.7709999                      -12.218107
               3.7780001                      -12.047579
               3.7850001                      -11.884663
               3.7920001                      -11.729459
                   3.799                      -11.582049
                   3.806                      -11.442498
                   3.813                      -11.310844
               3.8199999                      -11.187095
               3.8269999                      -11.071224
               3.8340001                      -10.963165
               3.8410001                      -10.862818
                   3.848                      -10.770037
                   3.855                      -10.684635
                   3.862                      -10.606385
                   3.869                       -10.53502
               3.8759999                      -10.470236
               3.8829999                      -10.411697
               3.8900001                      -10.359032
               3.8970001                      -10.311858
                   3.904                      -10.269768
                   3.911                      -10.232347
                   3.918                      -10.199183
                   3.925                       -10.16987
               3.9319999                      -10.144023
               3.9389999                      -10.121282
               3.9460001                      -10.101323
               3.9530001                       -10.08387
                    3.96                      -10.068694
                   3.967                      -10.055628
                   3.974                      -10.044565
               3.9809999                      -10.035467
               3.9879999                      -10.028353
               3.9949999                      -10.023319
               4.0019999                      -10.020513
               4.0089998                      -10.020146
               4.0159998                      -10.022482
               4.0229998                      -10.027824
               4.0300002                      -10.036514
               4.0370002                      -10.048926
               4.0440001                      -10.065448
               4.0510001                      -10.086487
               4.0580001                      -10.112445
               4.0650001                      -10.143729
                   4.072                       -10.18073
                   4.079                      -10.223829
                   4.086                       -10.27339
               4.0929999                      -10.329748
               4.0999999                      -10.393221
               4.1069999                      -10.464101
               4.1139998                      -10.542656
               4.1209998                      -10.629131
               4.1279998                      -10.723751
               4.1350002                      -10.826726
               4.1420002                      -10.938252
               4.1490002                      -11.058514
               4.1560001                      -11.187699
               4.1630001                      -11.325993
               4.1700001                      -11.473595
                   4.177                      -11.630718
                   4.184                      -11.797599
                   4.191                      -11.974507
                   4.198                      -12.161753
               4.2049999                      -12.359687
               4.2119999                      -12.568723
               4.2189999                      -12.789333
               4.2259998                      -13.022062
               4.2329998                      -13.267538
               4.2399998                      -13.526477
               4.2470002                      -13.799693
               4.2540002                      -14.088115
               4.2610002                      -14.392796
               4.2680001                      -14.714923
               4.2750001                      -15.055845
               4.2820001                      -15.417082
                   4.289                      -15.800357
                   4.296                      -16.207635
                   4.303                      -16.641149
               4.3099999                      -17.103466
               4.3169999                       -17.59755
               4.3239999                      -18.126843
               4.3309999                      -18.695398
               4.3379998                      -19.308012
               4.3449998                      -19.970447
               4.3520002                      -20.689693
               4.3590002                      -21.474354
               4.3660002                      -22.335151
               4.3730001                      -23.285634
               4.3800001                      -24.343112
               4.3870001                      -25.529827
               4.3940001                      -26.874067
                   4.401                      -28.409841
                   4.408                      -30.169486
                   4.415                      -32.147713
               4.4219999                       -34.16744
               4.4289999                      -35.572829
               4.4359999                      -35.413948
               4.4429998                      -33.883452
               4.4499998                      -31.964496
               4.4569998                      -30.161348
               4.4640002                      -28.583876
               4.4710002                      -27.220296
               4.4780002                      -26.035653
               4.4850001                      -24.996608
               4.4920001                      -24.075991
               4.4990001                      -23.252493
                   4.506                      -22.509485
                   4.513                      -21.833892
                    4.52                      -21.215336
                   4.527                      -20.645482
               4.5339999                      -20.117561
               4.5409999                       -19.62603
               4.5479999                      -19.166305
               4.5549998                      -18.734576
               4.5619998                      -18.327653
               4.5689998                      -17.942848
               4.5760002                      -17.577889
               4.5830002                      -17.230849
               4.5900002                      -16.900079
               4.5970001                      -16.584163
               4.6040001                      -16.281881
               4.6110001                      -15.992162
                   4.618                      -15.714071
                   4.625                      -15.446776
                   4.632                      -15.189527
               4.6389999                      -14.941645
               4.6459999                      -14.702506
               4.6529999                      -14.471526
               4.6599998                      -14.248163
               4.6669998                      -14.031902
               4.6739998                      -13.822257
               4.6810002                      -13.618767
               4.6880002                      -13.420993
               4.6950002                      -13.228528
               4.7020001                      -13.040987
               4.7090001                      -12.858019
               4.7160001                      -12.679304
                   4.723                      -12.504559
                    4.73                      -12.333537
                   4.737                      -12.166035
                   4.744                       -12.00189
               4.7509999                      -11.840981
               4.7579999                      -11.683232
               4.7649999                      -11.528606
               4.7719998                      -11.377104
               4.7789998                      -11.228765
               4.7859998                      -11.083655
               4.7930002                       -10.94187
               4.8000002                      -10.803523
               4.8070002                      -10.668746
               4.8140001                      -10.537671
               4.8210001                      -10.410436
               4.8280001                      -10.287175
                   4.835                      -10.168009
                   4.842                      -10.053044
                   4.849                      -9.9423637
               4.8559999                      -9.8360253
               4.8629999                      -9.7340624
               4.8699999                      -9.6364693
               4.8769999                      -9.5432127
               4.8839998                      -9.4542233
               4.8909998                      -9.3693986
               4.8979998                      -9.2886055
               4.9050002                      -9.2116794
               4.9120002                      -9.1384325
               4.9190001                      -9.0686491
               4.9260001                      -9.0021032
               4.9330001                      -8.9385545
               4.9400001                      -8.8777597
                   4.947                      -8.8194776
                   4.954                      -8.7634773
                   4.961                      -8.7095453
               4.9679999                      -8.6574926
               4.9749999                      -8.6071648
               4.9819999                      -8.5584376
               4.9889998                      -8.5112341
               4.9959998                      -8.4655214
               5.0029998                      -8.4213143
               5.0100002                      -8.3786761
               5.0170002                      -8.3377185
               5.0240002                       -8.298595
               5.0310001                      -8.2615056
               5.0380001                       -8.226681
               5.0450001                      -8.1943832
                   5.052                      -8.1648979
                   5.059                      -8.1385216
                   5.066                      -8.1155579
                   5.073                       -8.096308
               5.0799999                      -8.0810562
               5.0869999                      -8.0700711
               5.0939999                      -8.0635897
               5.1009998                      -8.0618107
               5.1079998                      -8.0648909
               5.1149998                       -8.072938
               5.1220002                      -8.0860011
               5.1290002                      -8.1040703
               5.1360002                      -8.1270748
               5.1430001                       -8.154877
               5.1500001                      -8.1872709
               5.1570001                       -8.223987
                   5.164                      -8.2646938
                   5.171                      -8.3089986
                   5.178                      -8.3564541
               5.1849999                      -8.4065714
               5.1919999                      -8.4588226
               5.1989999                      -8.5126589
               5.2059999                      -8.5675192
               5.2129998                      -8.6228495
               5.2199998                      -8.6781169
               5.2270002                      -8.7328302
               5.2340002                      -8.7865522
               5.2410002                      -8.8389174
               5.2480001                      -8.8896513
               5.2550001                      -8.9385736
               5.2620001                      -8.9856192
               5.2690001                       -9.030828
                   5.276                      -9.0743617
                   5.283                      -9.1164942
                    5.29                      -9.1576022
               5.2969999                      -9.1981628
               5.3039999                      -9.2387338
               5.3109999                      -9.2799428
               5.3179998                      -9.3224715
               5.3249998                      -9.3670408
               5.3319998                      -9.4143866
               5.3390002                      -9.4652559
               5.3460002                      -9.5203873
               5.3530002                      -9.5804993
               5.3600001                      -9.6462791
               5.3670001                      -9.7183813
               5.3740001                      -9.7974111
                   5.381                      -9.8839344
                   5.388                      -9.9784645
                   5.395                      -10.081464
                   5.402                      -10.193351
               5.4089999                      -10.314501
               5.4159999                      -10.445245
               5.4229999                      -10.585877
               5.4299998                      -10.736666
               5.4369998                      -10.897855
               5.4439998                      -11.069672
               5.4510002                      -11.252336
               5.4580002                      -11.446073
               5.4650002                      -11.651114
               5.4720001                      -11.867713
               5.4790001                      -12.096151
               5.4860001                      -12.336752
                   5.493                      -12.589887
                     5.5                      -12.855983
                   5.507                       -13.13554
               5.5139999                      -13.429127
               5.5209999                      -13.737401
               5.5279999                      -14.061104
               5.5349998                      -14.401076
               5.5419998                      -14.758253
               5.5489998                       -15.13367
               5.5560002                      -15.528465
               5.5630002                      -15.943869
               5.5700002                        -16.3812
               5.5770001                      -16.841852
               5.5840001                      -17.327266
               5.5910001                      -17.838895
                   5.598                      -18.378154
                   5.605                      -18.946319
                   5.612                      -19.544415
                   5.619                      -20.173006
               5.6259999                      -20.831913
               5.6329999                      -21.519788
               5.6399999                      -22.233502
               5.6469998                      -22.967307
               5.6539998                      -23.711733
               5.6609998                      -24.452329
               5.6680002                      -25.168513
               5.6750002                      -25.833221
               5.6820002                      -26.414446
               5.6890001                      -26.879635
               5.6960001                      -27.202866
               5.7030001                      -27.372298
                    5.71                      -27.393936
                   5.717                      -27.289275
                   5.724                      -27.088315
               5.7309999                      -26.821913
               5.7379999                      -26.516474
               5.7449999                      -26.191683
               5.7519999                      -25.860452
               5.7589998                      -25.529911
               5.7659998                      -25.202729
               5.7729998                      -24.878364
               5.7800002                      -24.554152
               5.7870002                      -24.226215
               5.7940001                       -23.89024
               5.8010001                      -23.542154
               5.8080001                      -23.178653
               5.8150001                       -22.79761
                   5.822                       -22.39829
                   5.829                      -21.981389
                   5.836                      -21.548898
               5.8429999                      -21.103838
               5.8499999                      -20.649933
               5.8569999                      -20.191262
               5.8639998                       -19.73196
               5.8709998                      -19.275966
               5.8779998                      -18.826869
               5.8850002                      -18.387806
               5.8920002                      -17.961414
               5.8990002                      -17.549846
               5.9060001                      -17.154783
               5.9130001                      -16.777489
               5.9200001                      -16.418849
                   5.927                       -16.07943
                   5.934                      -15.759515
                   5.941                      -15.459153
                   5.948                      -15.178192
               5.9549999                      -14.916307
               5.9619999                      -14.673031
               5.9689999                      -14.447763
               5.9759998                      -14.239802
               5.9829998                      -14.048344
               5.9899998                      -13.872503
               5.9970002                      -13.711322
               6.0040002                      -13.563777
               6.0110002                      -13.428789
               6.0180001                      -13.305233
               6.0250001                      -13.191953
               6.0320001                      -13.087767
                   6.039                      -12.991486
                   6.046                      -12.901928
                   6.053                      -12.817931
               6.0599999                      -12.738375
               6.0669999                      -12.662199
               6.0739999                      -12.588416
               6.0809999                      -12.516132
               6.0879998                      -12.444561
               6.0949998                      -12.373038
               6.1020002                      -12.301025
               6.1090002                      -12.228121
               6.1160002                      -12.154057
               6.1230001                      -12.078694
               6.1300001                      -12.002014
               6.1370001                      -11.924111
               6.1440001                      -11.845172
                   6.151                      -11.765459
                   6.158                      -11.685296
                   6.165                      -11.605044
               6.1719999                      -11.525089
               6.1789999                       -11.44582
               6.1859999                      -11.367621
               6.1929998                      -11.290854
               6.1999998                      -11.215846
               6.2069998                      -11.142893
               6.2140002                      -11.072246
               6.2210002                      -11.004111
               6.2280002                      -10.938651
               6.2350001                      -10.875984
               6.2420001                       -10.81619
               6.2490001                      -10.759317
                   6.256                      -10.705378
                   6.263                      -10.654372
                    6.27                      -10.606273
                   6.277                      -10.561052
               6.2839999                      -10.518676
               6.2909999                      -10.479115
               6.2979999                      -10.442352
               6.3049998                      -10.408379
               6.3119998                      -10.377216
               6.3189998                      -10.348896
               6.3260002                      -10.323478
               6.3330002                      -10.301054
               6.3400002                      -10.281732
               6.3470001                      -10.265645
               6.3540001                      -10.252951
               6.3610001                      -10.243823
                   6.368                      -10.238453
                   6.375                      -10.237038
                   6.382                      -10.239785
               6.3889999                      -10.246902
               6.3959999                      -10.258589
               6.4029999                      -10.275042
               6.4099998                       -10.29644
               6.4169998                      -10.322945
               6.4239998                      -10.354692
               6.4310002                      -10.391792
               6.4380002                      -10.434326
               6.4450002                      -10.482336
               6.4520001                      -10.535831
               6.4590001                      -10.594779
               6.4660001                      -10.659104
                   6.473                      -10.728689
                    6.48                      -10.803378
                   6.487                      -10.882962
                   6.494                      -10.967199
               6.5009999                        -11.0558
               6.5079999                      -11.148441
               6.5149999                       -11.24476
               6.5219998                      -11.344368
               6.5289998                       -11.44685
               6.5359998                      -11.551771
               6.5430002                      -11.658691
               6.5500002                      -11.767164
               6.5570002                      -11.876754
               6.5640001                      -11.987044
               6.5710001                      -12.097648
               6.5780001                      -12.208216
                   6.585                      -12.318451
                   6.592                      -12.428115
                   6.599                      -12.537039
               6.6059999                       -12.64513
               6.6129999                      -12.752374
               6.6199999                      -12.858842
               6.6269999                      -12.964688
               6.6339998                      -13.070151
               6.6409998                       -13.17555
               6.6479998                      -13.281273
               6.6550002                      -13.387778
               6.6620002                       -13.49558
               6.6690001                      -13.605239
               6.6760001                      -13.717354
               6.6830001                      -13.832552
               6.6900001                      -13.951474
                   6.697                      -14.074763
                   6.704                      -14.203066
                   6.711                      -14.337009
               6.7179999                      -14.477203
               6.7249999                      -14.624226
               6.7319999                      -14.778624
               6.7389998                        -14.9409
               6.7459998                      -15.111514
               6.7529998                       -15.29087
               6.7600002                      -15.479327
               6.7670002                      -15.677174
               6.7740002                      -15.884646
               6.7810001                      -16.101908
               6.7880001                      -16.329062
               6.7950001                      -16.566133
                   6.802                      -16.813076
                   6.809                      -17.069773
                   6.816                       -17.33603
                   6.823                      -17.611582
               6.8299999                      -17.896087
               6.8369999                      -18.189143
               6.8439999                      -18.490289
               6.8509998                      -18.799019
               6.8579998                      -19.114794
               6.8649998                      -19.437069
               6.8720002                      -19.765314
               6.8790002                      -20.099044
               6.8860002                      -20.437858
               6.8930001                      -20.781473
               6.9000001                      -21.129773
               6.9070001                       -21.48285
                   6.914                       -21.84105
                   6.921                      -22.205018
                   6.928                      -22.575735
               6.9349999                      -22.954558
               6.9419999                      -23.343257
               6.9489999                       -23.74404
               6.9559999                      -24.159587
               6.9629998                      -24.593084
               6.9699998                      -25.048258
               6.9770002                      -25.529432
               6.9840002                      -26.041593
               6.9910002                      -26.590484
               6.9980001                      -27.182737
               7.0050001                      -27.826017
               7.0120001                      -28.529215
               7.0190001                      -29.302625
                   7.026                      -30.158017
                   7.033                       -31.10835
                    7.04                      -32.166434
               7.0469999                      -33.340801
               7.0539999                      -34.624442
               7.0609999                      -35.966994
               7.0679998                       -37.21826
               7.0749998                      -38.069826
               7.0819998                       -38.16028
               7.0890002                      -37.427743
               7.0960002                      -36.187986
               7.1030002                      -34.788399
               7.1100001                      -33.420413
               7.1170001                      -32.155726
               7.1240001                      -31.010095
                   7.131                      -29.978215
                   7.138                      -29.048387
                   7.145                      -28.208033
                   7.152                      -27.445555
               7.1589999                      -26.750816
               7.1659999                      -26.115119
               7.1729999                      -25.531024
               7.1799998                      -24.992146
               7.1869998                      -24.492972
               7.1939998                      -24.028703
               7.2010002                      -23.595128
               7.2080002                      -23.188528
               7.2150002                      -22.805602
               7.2220001                      -22.443408
               7.2290001                      -22.099323
               7.2360001                       -21.77101
                   7.243                      -21.456393
                    7.25                      -21.153642
                   7.257                      -20.861156
               7.2639999                      -20.577558
               7.2709999                      -20.301675
               7.2779999                      -20.032534
               7.2849998                      -19.769349
               7.2919998                      -19.511503
               7.2989998                      -19.258543
               7.3060002                      -19.010155
               7.3130002                      -18.766155
               7.3200002                      -18.526464
               7.3270001                      -18.291099
               7.3340001                      -18.060148
               7.3410001                      -17.833762
                   7.348                      -17.612132
                   7.355                      -17.395482
                   7.362                      -17.184055
                   7.369                        -16.9781
               7.3759999                       -16.77787
               7.3829999                      -16.583614
               7.3899999                      -16.395564
               7.3969998                      -16.213943
               7.4039998                      -16.038957
               7.4109998                      -15.870793
               7.4180002                       -15.70962
               7.4250002                      -15.555586
               7.4320002                      -15.408827
               7.4390001                       -15.26945
               7.4460001                      -15.137554
               7.4530001                      -15.013214
                    7.46                      -14.896489
                   7.467                       -14.78742
                   7.474                      -14.686031
               7.4809999                      -14.592326
               7.4879999                       -14.50629
               7.4949999                      -14.427886
               7.5019999                      -14.357052
               7.5089998                      -14.293707
               7.5159998                       -14.23774
               7.5229998                      -14.189012
               7.5300002                      -14.147354
               7.5370002                      -14.112567
               7.5440001                      -14.084416
               7.5510001                      -14.062634
               7.5580001                      -14.046918
               7.5650001                      -14.036929
                   7.572                      -14.032295
                   7.579                      -14.032614
                   7.586                      -14.037448
               7.5929999                      -14.046341
               7.5999999                       -14.05881
               7.6069999                      -14.074365
               7.6139998                      -14.092504
               7.6209998                      -14.112729
               7.6279998                      -14.134554
               7.6350002                      -14.157514
               7.6420002                      -14.181176
               7.6490002                       -14.20515
               7.6560001                      -14.229095
               7.6630001                      -14.252728
               7.6700001                      -14.275833
                   7.677                      -14.298264
                   7.684                      -14.319945
                   7.691                       -14.34087
                   7.698                      -14.361104
               7.7049999                      -14.380772
               7.7119999                      -14.400055
               7.7189999                      -14.419177
               7.7259998                      -14.438396
               7.7329998                      -14.457995
               7.7399998                      -14.478259
               7.7470002                      -14.499476
               7.7540002                      -14.521917
               7.7610002                      -14.545824
               7.7680001                      -14.571407
               7.7750001                      -14.598832
               7.7820001                      -14.628214
                   7.789                      -14.659617
                   7.796                      -14.693051
                   7.803                      -14.728469
               7.8099999                      -14.765777
               7.8169999                      -14.804832
               7.8239999                      -14.845453
               7.8309999                       -14.88743
               7.8379998                      -14.930529
               7.8449998                      -14.974511
               7.8520002                      -15.019141
               7.8590002                      -15.064195
               7.8660002                      -15.109484
               7.8730001                      -15.154852
               7.8800001                      -15.200195
               7.8870001                      -15.245468
               7.8940001                      -15.290685
                   7.901                      -15.335928
                   7.908                      -15.381345
                   7.915                      -15.427149
               7.9219999                      -15.473608
               7.9289999                      -15.521045
               7.9359999                      -15.569825
               7.9429998                      -15.620346
               7.9499998                      -15.673026
               7.9569998                      -15.728294
               7.9640002                      -15.786579
               7.9710002                      -15.848298
               7.9780002                      -15.913845
               7.9850001                      -15.983592
               7.9920001                      -16.057872
               7.9990001                      -16.136985
               8.0059996                      -16.221182
               8.0129995                       -16.31068
               8.0200005                      -16.405654
               8.0270004                      -16.506237
               8.0340004                       -16.61253
               8.0410004                      -16.724605
               8.0480003                      -16.842509
               8.0550003                      -16.966265
               8.0620003                      -17.095889
               8.0690002                      -17.231388
               8.0760002                      -17.372756
               8.0830002                       -17.51999
               8.0900002                      -17.673077
               8.0970001                      -17.831997
               8.1040001                      -17.996711
               8.1110001                      -18.167147
                   8.118                      -18.343188
                   8.125                      -18.524641
                   8.132                      -18.711215
               8.1389999                      -18.902475
               8.1459999                      -19.097813
               8.1529999                      -19.296391
               8.1599998                      -19.497097
               8.1669998                      -19.698482
               8.1739998                       -19.89873
               8.1809998                      -20.095595
               8.1879997                      -20.286402
               8.1949997                      -20.468036
               8.2019997                      -20.636994
               8.2089996                      -20.789486
               8.2159996                      -20.921585
               8.2229996                      -21.029446
               8.2299995                      -21.109571
               8.2370005                      -21.159091
               8.2440004                      -21.176043
               8.2510004                      -21.159573
               8.2580004                      -21.110057
               8.2650003                      -21.029086
               8.2720003                      -20.919348
               8.2790003                      -20.784409
               8.2860003                      -20.628425
               8.2930002                       -20.45586
               8.3000002                      -20.271221
               8.3070002                      -20.078835
               8.3140001                        -19.8827
               8.3210001                       -19.68637
               8.3280001                      -19.492921
                   8.335                       -19.30492
                   8.342                      -19.124453
                   8.349                      -18.953152
               8.3559999                      -18.792226
               8.3629999                      -18.642514
               8.3699999                      -18.504519
               8.3769999                      -18.378448
               8.3839998                      -18.264252
               8.3909998                      -18.161647
               8.3979998                      -18.070161
               8.4049997                       -17.98914
               8.4119997                      -17.917785
               8.4189997                      -17.855179
               8.4259996                      -17.800301
               8.4329996                      -17.752067
               8.4399996                      -17.709344
               8.4469995                      -17.670984
               8.4540005                      -17.635856
               8.4610004                      -17.602883
               8.4680004                      -17.571056
               8.4750004                      -17.539482
               8.4820004                      -17.507403
               8.4890003                      -17.474223
               8.4960003                      -17.439512
               8.5030003                      -17.403036
               8.5100002                      -17.364742
               8.5170002                      -17.324765
               8.5240002                      -17.283404
               8.5310001                      -17.241115
               8.5380001                      -17.198483
               8.5450001                      -17.156192
                   8.552                      -17.115003
                   8.559                      -17.075723
                   8.566                      -17.039181
                   8.573                      -17.006204
               8.5799999                      -16.977595
               8.5869999                      -16.954121
               8.5939999                       -16.93649
               8.6009998                      -16.925356
               8.6079998                        -16.9213
               8.6149998                      -16.924835
               8.6219997                        -16.9364
               8.6289997                      -16.956366
               8.6359997                      -16.985037
               8.6429996                      -17.022652
               8.6499996                      -17.069398
               8.6569996                      -17.125409
               8.6639996                      -17.190777
               8.6709995                      -17.265557
               8.6780005                      -17.349779
               8.6850004                      -17.443449
               8.6920004                      -17.546566
               8.6990004                      -17.659118
               8.7060003                      -17.781097
               8.7130003                      -17.912504
               8.7200003                       -18.05335
               8.7270002                      -18.203665
               8.7340002                      -18.363495
               8.7410002                       -18.53291
               8.7480001                      -18.711994
               8.7550001                      -18.900851
               8.7620001                       -19.09959
               8.7690001                      -19.308315
                   8.776                      -19.527115
                   8.783                       -19.75604
                    8.79                      -19.995073
               8.7969999                      -20.244103
               8.8039999                      -20.502878
               8.8109999                      -20.770958
               8.8179998                      -21.047653
               8.8249998                      -21.331949
               8.8319998                      -21.622431
               8.8389997                      -21.917186
               8.8459997                      -22.213713
               8.8529997                      -22.508835
               8.8599997                      -22.798629
               8.8669996                        -23.0784
               8.8739996                      -23.342731
               8.8809996                      -23.585621
               8.8879995                      -23.800761
               8.8950005                      -23.981951
               8.9020004                      -24.123609
               8.9090004                      -24.221355
               8.9160004                      -24.272533
               8.9230003                       -24.27657
               8.9300003                      -24.235098
               8.9370003                      -24.151777
               8.9440002                      -24.031903
               8.9510002                      -23.881857
               8.9580002                       -23.70853
               8.9650002                      -23.518817
               8.9720001                       -23.31922
               8.9790001                      -23.115597
               8.9860001                      -22.913033
                   8.993                      -22.715793
                       9                      -22.527363

