        Frequency / GHz                voltage1_1_1 [1]/abs,dB
----------------------------------------------------------------------
                       2                      -235.93539
                   2.007                      -235.86314
                   2.014                       -235.8193
                   2.021                      -235.80348
                   2.028                      -235.81539
                   2.035                      -235.85485
                   2.042                      -235.92177
                   2.049                      -236.01614
                   2.056                      -236.13806
                   2.063                      -236.28768
                    2.07                      -236.46525
                   2.077                      -236.67109
                   2.084                      -236.90554
                   2.091                      -237.16901
                   2.098                       -237.4619
                   2.105                      -237.78457
                   2.112                      -238.13731
                   2.119                      -238.52019
                   2.126                      -238.93301
                   2.133                      -239.37506
                    2.14                      -239.84486
                   2.147                      -240.33987
                   2.154                      -240.85588
                   2.161                      -241.38648
                   2.168                      -241.92224
                   2.175                      -242.44992
                   2.182                      -242.95191
                   2.189                      -243.40634
                   2.196                      -243.78845
                   2.203                      -244.07375
                    2.21                       -244.2427
                   2.217                       -244.2855
                   2.224                      -244.20482
                   2.231                      -244.01503
                   2.238                      -243.73828
                   2.245                      -243.39952
                   2.252                       -243.0224
                   2.259                      -242.62685
                   2.266                      -242.22836
                   2.273                      -241.83822
                    2.28                      -241.46422
                   2.287                      -241.11145
                   2.294                      -240.78299
                   2.301                      -240.48051
                   2.308                      -240.20468
                   2.315                      -239.95546
                   2.322                      -239.73234
                   2.329                      -239.53445
                   2.336                       -239.3607
                   2.343                      -239.20978
                    2.35                      -239.08025
                   2.357                      -238.97052
                   2.364                      -238.87886
                   2.371                      -238.80341
                   2.378                      -238.74215
                   2.385                      -238.69294
                   2.392                      -238.65343
                   2.399                      -238.62117
                   2.406                      -238.59353
                   2.413                      -238.56777
                    2.42                      -238.54107
                   2.427                      -238.51059
                   2.434                      -238.47354
                   2.441                      -238.42726
                   2.448                      -238.36935
                   2.455                      -238.29777
                   2.462                      -238.21091
                   2.469                      -238.10768
                   2.476                      -237.98759
                   2.483                      -237.85073
                    2.49                      -237.69777
                   2.497                      -237.52991
                   2.504                      -237.34877
                   2.511                      -237.15632
                   2.518                      -236.95476
                   2.525                      -236.74641
                   2.532                      -236.53362
                   2.539                      -236.31872
                   2.546                       -236.1039
                   2.553                      -235.89122
                    2.56                      -235.68257
                   2.567                      -235.47966
                   2.574                      -235.28401
                   2.581                      -235.09695
                   2.588                      -234.91966
                   2.595                      -234.75316
                   2.602                      -234.59832
                   2.609                      -234.45591
                   2.616                      -234.32659
                   2.623                      -234.21091
                    2.63                      -234.10938
                   2.637                      -234.02241
                   2.644                      -233.95039
                   2.651                      -233.89365
                   2.658                      -233.85248
                   2.665                      -233.82716
                   2.672                      -233.81794
                   2.679                      -233.82507
                   2.686                      -233.84876
                   2.693                      -233.88922
                     2.7                      -233.94668
                   2.707                      -234.02133
                   2.714                      -234.11336
                   2.721                      -234.22298
                   2.728                      -234.35034
                   2.735                      -234.49563
                   2.742                      -234.65897
                   2.749                      -234.84047
                   2.756                       -235.0402
                   2.763                      -235.25816
                    2.77                      -235.49428
                   2.777                      -235.74836
                   2.784                      -236.02009
                   2.791                      -236.30896
                   2.798                       -236.6142
                   2.805                      -236.93476
                   2.812                      -237.26921
                   2.819                      -237.61565
                   2.826                      -237.97159
                   2.833                      -238.33389
                    2.84                      -238.69863
                   2.847                      -239.06104
                   2.854                      -239.41553
                   2.861                      -239.75568
                   2.868                      -240.07452
                   2.875                      -240.36485
                   2.882                      -240.61972
                   2.889                       -240.8331
                   2.896                      -241.00053
                   2.903                      -241.11966
                    2.91                      -241.19057
                   2.917                       -241.2158
                   2.924                          -241.2
                   2.931                       -241.1494
                   2.938                      -241.07117
                   2.945                      -240.97274
                   2.952                       -240.8613
                   2.959                      -240.74347
                   2.966                      -240.62505
                   2.973                      -240.51094
                    2.98                      -240.40516
                   2.987                      -240.31092
                   2.994                      -240.23065
                   3.001                      -240.16611
                   3.008                      -240.11849
                   3.015                      -240.08842
                   3.022                      -240.07605
                   3.029                      -240.08105
                   3.036                      -240.10263
                   3.043                      -240.13949
                    3.05                      -240.18983
                   3.057                      -240.25127
                   3.064                      -240.32085
                   3.071                      -240.39494
                   3.078                      -240.46924
                   3.085                      -240.53885
                   3.092                      -240.59828
                   3.099                      -240.64169
                   3.106                      -240.66312
                   3.113                      -240.65689
                    3.12                      -240.61799
                   3.127                      -240.54257
                   3.134                      -240.42829
                   3.141                      -240.27458
                   3.148                      -240.08268
                   3.155                      -239.85549
                   3.162                      -239.59722
                   3.169                        -239.313
                   3.176                      -239.00841
                   3.183                      -238.68909
                    3.19                      -238.36041
                   3.197                       -238.0273
                   3.204                       -237.6941
                   3.211                      -237.36452
                   3.218                      -237.04167
                   3.225                      -236.72809
                   3.232                      -236.42582
                   3.239                      -236.13646
                   3.246                      -235.86126
                   3.253                      -235.60116
                    3.26                      -235.35684
                   3.267                      -235.12882
                   3.274                      -234.91742
                   3.281                      -234.72285
                   3.288                      -234.54524
                   3.295                      -234.38462
                   3.302                      -234.24096
                   3.309                       -234.1142
                   3.316                      -234.00423
                   3.323                      -233.91094
                    3.33                      -233.83415
                   3.337                      -233.77372
                   3.344                      -233.72945
                   3.351                      -233.70114
                   3.358                      -233.68861
                   3.365                      -233.69161
                   3.372                      -233.70993
                   3.379                      -233.74331
                   3.386                       -233.7915
                   3.393                      -233.85419
                     3.4                      -233.93108
                   3.407                      -234.02184
                   3.414                      -234.12606
                   3.421                      -234.24335
                   3.428                      -234.37322
                   3.435                      -234.51515
                   3.442                      -234.66854
                   3.449                      -234.83272
                   3.456                      -235.00694
                   3.463                      -235.19035
                    3.47                      -235.38201
                   3.477                      -235.58084
                   3.484                      -235.78566
                   3.491                      -235.99517
                   3.498                      -236.20794
                   3.505                      -236.42239
                   3.512                      -236.63687
                   3.519                      -236.84958
                   3.526                      -237.05867
                   3.533                      -237.26224
                    3.54                      -237.45835
                   3.547                      -237.64512
                   3.554                      -237.82075
                   3.561                      -237.98355
                   3.568                      -238.13206
                   3.575                      -238.26502
                   3.582                      -238.38148
                   3.589                      -238.48076
                   3.596                      -238.56252
                   3.603                      -238.62671
                    3.61                      -238.67357
                   3.617                       -238.7036
                   3.624                      -238.71749
                   3.631                      -238.71611
                   3.638                      -238.70044
                   3.645                      -238.67151
                   3.652                      -238.63041
                   3.659                      -238.57819
                   3.666                       -238.5159
                   3.673                      -238.44453
                    3.68                      -238.36503
                   3.687                       -238.2783
                   3.694                      -238.18518
                   3.701                      -238.08648
                   3.708                      -237.98298
                   3.715                      -237.87541
                   3.722                      -237.76451
                   3.729                        -237.651
                   3.736                       -237.5356
                   3.743                      -237.41901
                    3.75                      -237.30197
                   3.757                      -237.18516
                   3.764                      -237.06932
                   3.771                      -236.95512
                   3.778                      -236.84328
                   3.785                      -236.73445
                   3.792                      -236.62928
                   3.799                      -236.52841
                   3.806                      -236.43241
                   3.813                      -236.34184
                    3.82                      -236.25721
                   3.827                      -236.17899
                   3.834                      -236.10758
                   3.841                      -236.04336
                   3.848                      -235.98663
                   3.855                      -235.93765
                   3.862                      -235.89662
                   3.869                      -235.86368
                   3.876                       -235.8389
                   3.883                      -235.82231
                    3.89                      -235.81386
                   3.897                      -235.81345
                   3.904                      -235.82091
                   3.911                      -235.83602
                   3.918                      -235.85848
                   3.925                      -235.88794
                   3.932                      -235.92399
                   3.939                      -235.96616
                   3.946                      -236.01393
                   3.953                      -236.06672
                    3.96                      -236.12392
                   3.967                      -236.18486
                   3.974                      -236.24887
                   3.981                      -236.31525
                   3.988                      -236.38329
                   3.995                      -236.45229
                   4.002                      -236.52159
                   4.009                      -236.59055
                   4.016                      -236.65859
                   4.023                      -236.72521
                    4.03                      -236.78998
                   4.037                      -236.85256
                   4.044                      -236.91274
                   4.051                      -236.97038
                   4.058                      -237.02549
                   4.065                      -237.07815
                   4.072                      -237.12857
                   4.079                      -237.17701
                   4.086                      -237.22383
                   4.093                      -237.26945
                     4.1                      -237.31429
                   4.107                      -237.35882
                   4.114                      -237.40349
                   4.121                      -237.44869
                   4.128                      -237.49479
                   4.135                      -237.54207
                   4.142                      -237.59071
                   4.149                      -237.64077
                   4.156                      -237.69217
                   4.163                      -237.74468
                    4.17                      -237.79791
                   4.177                      -237.85126
                   4.184                      -237.90397
                   4.191                      -237.95506
                   4.198                      -238.00338
                   4.205                       -238.0476
                   4.212                       -238.0862
                   4.219                      -238.11757
                   4.226                      -238.13999
                   4.233                      -238.15172
                    4.24                      -238.15104
                   4.247                      -238.13636
                   4.254                      -238.10627
                   4.261                      -238.05962
                   4.268                      -237.99557
                   4.275                       -237.9137
                   4.282                      -237.81398
                   4.289                      -237.69678
                   4.296                       -237.5629
                   4.303                       -237.4135
                    4.31                      -237.25001
                   4.317                      -237.07412
                   4.324                      -236.88767
                   4.331                       -236.6926
                   4.338                      -236.49085
                   4.345                      -236.28433
                   4.352                      -236.07489
                   4.359                      -235.86425
                   4.366                        -235.654
                   4.373                      -235.44558
                    4.38                       -235.2403
                   4.387                      -235.03929
                   4.394                      -234.84358
                   4.401                      -234.65404
                   4.408                      -234.47142
                   4.415                      -234.29637
                   4.422                      -234.12946
                   4.429                      -233.97114
                   4.436                      -233.82182
                   4.443                      -233.68183
                    4.45                      -233.55144
                   4.457                      -233.43091
                   4.464                      -233.32041
                   4.471                      -233.22012
                   4.478                      -233.13017
                   4.485                      -233.05069
                   4.492                      -232.98178
                   4.499                      -232.92353
                   4.506                      -232.87601
                   4.513                      -232.83928
                    4.52                      -232.81342
                   4.527                      -232.79846
                   4.534                      -232.79445
                   4.541                      -232.80144
                   4.548                      -232.81945
                   4.555                      -232.84849
                   4.562                      -232.88859
                   4.569                      -232.93974
                   4.576                      -233.00192
                   4.583                      -233.07508
                    4.59                      -233.15918
                   4.597                      -233.25412
                   4.604                      -233.35976
                   4.611                      -233.47595
                   4.618                      -233.60247
                   4.625                      -233.73904
                   4.632                      -233.88532
                   4.639                      -234.04089
                   4.646                      -234.20523
                   4.653                      -234.37772
                    4.66                      -234.55764
                   4.667                      -234.74411
                   4.674                      -234.93614
                   4.681                      -235.13257
                   4.688                       -235.3321
                   4.695                      -235.53325
                   4.702                      -235.73442
                   4.709                      -235.93384
                   4.716                      -236.12965
                   4.723                      -236.31991
                    4.73                      -236.50266
                   4.737                      -236.67597
                   4.744                      -236.83804
                   4.751                      -236.98725
                   4.758                      -237.12225
                   4.765                      -237.24206
                   4.772                      -237.34608
                   4.779                      -237.43415
                   4.786                      -237.50657
                   4.793                      -237.56407
                     4.8                      -237.60778
                   4.807                      -237.63916
                   4.814                      -237.65989
                   4.821                      -237.67186
                   4.828                      -237.67699
                   4.835                      -237.67723
                   4.842                      -237.67443
                   4.849                      -237.67032
                   4.856                      -237.66641
                   4.863                        -237.664
                    4.87                      -237.66412
                   4.877                      -237.66753
                   4.884                      -237.67467
                   4.891                      -237.68566
                   4.898                      -237.70031
                   4.905                      -237.71808
                   4.912                      -237.73808
                   4.919                       -237.7591
                   4.926                      -237.77959
                   4.933                      -237.79768
                    4.94                      -237.81124
                   4.947                      -237.81791
                   4.954                      -237.81518
                   4.961                       -237.8005
                   4.968                      -237.77137
                   4.975                      -237.72552
                   4.982                      -237.66099
                   4.989                       -237.5763
                   4.996                      -237.47054
                   5.003                      -237.34345
                    5.01                      -237.19542
                   5.017                       -237.0275
                   5.024                      -236.84129
                   5.031                      -236.63889
                   5.038                      -236.42272
                   5.045                      -236.19543
                   5.052                      -235.95973
                   5.059                      -235.71836
                   5.066                      -235.47391
                   5.073                      -235.22883
                    5.08                      -234.98534
                   5.087                      -234.74543
                   5.094                      -234.51088
                   5.101                       -234.2832
                   5.108                       -234.0637
                   5.115                      -233.85347
                   5.122                      -233.65342
                   5.129                       -233.4643
                   5.136                       -233.2867
                   5.143                      -233.12109
                    5.15                      -232.96783
                   5.157                      -232.82717
                   5.164                      -232.69931
                   5.171                      -232.58433
                   5.178                      -232.48227
                   5.185                      -232.39312
                   5.192                      -232.31681
                   5.199                      -232.25322
                   5.206                      -232.20219
                   5.213                      -232.16353
                    5.22                        -232.137
                   5.227                      -232.12232
                   5.234                      -232.11919
                   5.241                      -232.12725
                   5.248                      -232.14612
                   5.255                      -232.17536
                   5.262                      -232.21451
                   5.269                      -232.26305
                   5.276                      -232.32041
                   5.283                      -232.38598
                    5.29                       -232.4591
                   5.297                      -232.53905
                   5.304                      -232.62505
                   5.311                      -232.71628
                   5.318                      -232.81185
                   5.325                      -232.91083
                   5.332                      -233.01221
                   5.339                      -233.11497
                   5.346                      -233.21802
                   5.353                      -233.32023
                    5.36                      -233.42046
                   5.367                      -233.51754
                   5.374                      -233.61031
                   5.381                       -233.6976
                   5.388                      -233.77828
                   5.395                      -233.85126
                   5.402                      -233.91551
                   5.409                      -233.97005
                   5.416                      -234.01403
                   5.423                      -234.04667
                    5.43                      -234.06734
                   5.437                      -234.07549
                   5.444                      -234.07075
                   5.451                      -234.05287
                   5.458                      -234.02172
                   5.465                      -233.97735
                   5.472                      -233.91992
                   5.479                      -233.84972
                   5.486                      -233.76719
                   5.493                      -233.67284
                     5.5                      -233.56733
                   5.507                      -233.45138
                   5.514                      -233.32582
                   5.521                      -233.19153
                   5.528                      -233.04945
                   5.535                      -232.90057
                   5.542                       -232.7459
                   5.549                      -232.58649
                   5.556                      -232.42337
                   5.563                       -232.2576
                    5.57                      -232.09019
                   5.577                      -231.92215
                   5.584                      -231.75448
                   5.591                       -231.5881
                   5.598                      -231.42393
                   5.605                      -231.26283
                   5.612                      -231.10561
                   5.619                      -230.95304
                   5.626                      -230.80583
                   5.633                      -230.66464
                    5.64                       -230.5301
                   5.647                      -230.40276
                   5.654                      -230.28314
                   5.661                      -230.17171
                   5.668                      -230.06889
                   5.675                      -229.97505
                   5.682                      -229.89053
                   5.689                      -229.81561
                   5.696                      -229.75054
                   5.703                      -229.69551
                    5.71                       -229.6507
                   5.717                      -229.61622
                   5.724                      -229.59214
                   5.731                      -229.57849
                   5.738                      -229.57527
                   5.745                      -229.58241
                   5.752                      -229.59979
                   5.759                      -229.62725
                   5.766                      -229.66456
                   5.773                      -229.71144
                    5.78                      -229.76753
                   5.787                       -229.8324
                   5.794                      -229.90556
                   5.801                      -229.98642
                   5.808                      -230.07431
                   5.815                      -230.16848
                   5.822                      -230.26807
                   5.829                      -230.37216
                   5.836                      -230.47971
                   5.843                      -230.58962
                    5.85                      -230.70071
                   5.857                      -230.81175
                   5.864                      -230.92147
                   5.871                      -231.02859
                   5.878                      -231.13185
                   5.885                      -231.23005
                   5.892                      -231.32207
                   5.899                      -231.40695
                   5.906                      -231.48385
                   5.913                      -231.55218
                    5.92                      -231.61156
                   5.927                      -231.66183
                   5.934                      -231.70313
                   5.941                      -231.73582
                   5.948                      -231.76051
                   5.955                      -231.77799
                   5.962                      -231.78927
                   5.969                      -231.79549
                   5.976                      -231.79789
                   5.983                      -231.79778
                    5.99                      -231.79649
                   5.997                      -231.79537
                   6.004                      -231.79572
                   6.011                      -231.79879
                   6.018                      -231.80575
                   6.025                      -231.81771
                   6.032                      -231.83565
                   6.039                      -231.86048
                   6.046                      -231.89298
                   6.053                      -231.93385
                    6.06                      -231.98366
                   6.067                       -232.0429
                   6.074                      -232.11192
                   6.081                      -232.19102
                   6.088                      -232.28033
                   6.095                      -232.37994
                   6.102                      -232.48979
                   6.109                      -232.60973
                   6.116                      -232.73949
                   6.123                      -232.87869
                    6.13                      -233.02683
                   6.137                      -233.18327
                   6.144                      -233.34725
                   6.151                      -233.51787
                   6.158                      -233.69409
                   6.165                      -233.87473
                   6.172                      -234.05846
                   6.179                      -234.24385
                   6.186                      -234.42934
                   6.193                      -234.61326
                     6.2                       -234.7939
                   6.207                      -234.96952
                   6.214                      -235.13839
                   6.221                      -235.29887
                   6.228                      -235.44942
                   6.235                      -235.58869
                   6.242                      -235.71558
                   6.249                      -235.82924
                   6.256                      -235.92912
                   6.263                        -236.015
                    6.27                      -236.08695
                   6.277                      -236.14535
                   6.284                       -236.1908
                   6.291                      -236.22412
                   6.298                      -236.24625
                   6.305                      -236.25823
                   6.312                      -236.26113
                   6.319                      -236.25598
                   6.326                      -236.24374
                   6.333                      -236.22527
                    6.34                       -236.2013
                   6.347                      -236.17242
                   6.354                      -236.13907
                   6.361                      -236.10153
                   6.368                      -236.05996
                   6.375                      -236.01441
                   6.382                      -235.96482
                   6.389                      -235.91106
                   6.396                      -235.85296
                   6.403                      -235.79033
                    6.41                      -235.72302
                   6.417                       -235.6509
                   6.424                       -235.5739
                   6.431                      -235.49206
                   6.438                      -235.40551
                   6.445                      -235.31449
                   6.452                      -235.21936
                   6.459                       -235.1206
                   6.466                      -235.01878
                   6.473                      -234.91458
                    6.48                      -234.80877
                   6.487                      -234.70218
                   6.494                      -234.59567
                   6.501                      -234.49016
                   6.508                      -234.38655
                   6.515                      -234.28578
                   6.522                      -234.18872
                   6.529                      -234.09626
                   6.536                      -234.00923
                   6.543                       -233.9284
                    6.55                      -233.85453
                   6.557                      -233.78829
                   6.564                      -233.73031
                   6.571                      -233.68116
                   6.578                      -233.64137
                   6.585                      -233.61139
                   6.592                      -233.59163
                   6.599                      -233.58246
                   6.606                      -233.58418
                   6.613                      -233.59707
                    6.62                      -233.62133
                   6.627                      -233.65713
                   6.634                      -233.70462
                   6.641                      -233.76388
                   6.648                      -233.83495
                   6.655                      -233.91783
                   6.662                      -234.01249
                   6.669                      -234.11883
                   6.676                      -234.23672
                   6.683                      -234.36597
                    6.69                      -234.50633
                   6.697                      -234.65751
                   6.704                      -234.81915
                   6.711                      -234.99082
                   6.718                      -235.17201
                   6.725                      -235.36214
                   6.732                      -235.56058
                   6.739                      -235.76656
                   6.746                      -235.97927
                   6.753                       -236.1978
                    6.76                      -236.42115
                   6.767                      -236.64826
                   6.774                      -236.87798
                   6.781                      -237.10912
                   6.788                      -237.34045
                   6.795                      -237.57073
                   6.802                      -237.79874
                   6.809                      -238.02329
                   6.816                       -238.2433
                   6.823                      -238.45778
                    6.83                      -238.66592
                   6.837                      -238.86707
                   6.844                      -239.06082
                   6.851                      -239.24696
                   6.858                      -239.42552
                   6.865                      -239.59678
                   6.872                      -239.76121
                   6.879                       -239.9195
                   6.886                      -240.07246
                   6.893                      -240.22106
                     6.9                      -240.36631
                   6.907                      -240.50927
                   6.914                        -240.651
                   6.921                      -240.79248
                   6.928                      -240.93461
                   6.935                      -241.07815
                   6.942                      -241.22371
                   6.949                      -241.37167
                   6.956                      -241.52223
                   6.963                      -241.67529
                    6.97                      -241.83052
                   6.977                      -241.98726
                   6.984                      -242.14455
                   6.991                      -242.30108
                   6.998                      -242.45523
                   7.005                      -242.60505
                   7.012                      -242.74829
                   7.019                      -242.88243
                   7.026                      -243.00479
                   7.033                      -243.11258
                    7.04                      -243.20305
                   7.047                      -243.27363
                   7.054                      -243.32205
                   7.061                      -243.34654
                   7.068                      -243.34591
                   7.075                      -243.31967
                   7.082                      -243.26803
                   7.089                      -243.19194
                   7.096                      -243.09295
                   7.103                      -242.97318
                    7.11                      -242.83511
                   7.117                      -242.68148
                   7.124                      -242.51512
                   7.131                      -242.33885
                   7.138                      -242.15538
                   7.145                      -241.96723
                   7.152                      -241.77671
                   7.159                      -241.58585
                   7.166                      -241.39643
                   7.173                      -241.21001
                    7.18                      -241.02787
                   7.187                      -240.85112
                   7.194                      -240.68064
                   7.201                      -240.51719
                   7.208                      -240.36134
                   7.215                      -240.21357
                   7.222                      -240.07427
                   7.229                      -239.94372
                   7.236                      -239.82215
                   7.243                      -239.70974
                    7.25                      -239.60662
                   7.257                       -239.5129
                   7.264                      -239.42866
                   7.271                      -239.35396
                   7.278                      -239.28888
                   7.285                      -239.23345
                   7.292                      -239.18773
                   7.299                      -239.15178
                   7.306                      -239.12566
                   7.313                      -239.10941
                    7.32                      -239.10311
                   7.327                      -239.10683
                   7.334                      -239.12065
                   7.341                      -239.14463
                   7.348                      -239.17887
                   7.355                      -239.22345
                   7.362                      -239.27844
                   7.369                      -239.34393
                   7.376                      -239.41997
                   7.383                      -239.50664
                    7.39                      -239.60397
                   7.397                      -239.71199
                   7.404                      -239.83069
                   7.411                      -239.96006
                   7.418                      -240.10003
                   7.425                      -240.25048
                   7.432                      -240.41126
                   7.439                      -240.58214
                   7.446                      -240.76284
                   7.453                      -240.95298
                    7.46                       -241.1521
                   7.467                      -241.35964
                   7.474                      -241.57491
                   7.481                      -241.79712
                   7.488                      -242.02531
                   7.495                      -242.25841
                   7.502                      -242.49519
                   7.509                      -242.73427
                   7.516                      -242.97415
                   7.523                      -243.21318
                    7.53                      -243.44963
                   7.537                      -243.68173
                   7.544                      -243.90767
                   7.551                      -244.12571
                   7.558                      -244.33419
                   7.565                      -244.53167
                   7.572                      -244.71695
                   7.579                      -244.88914
                   7.586                      -245.04771
                   7.593                      -245.19252
                     7.6                      -245.32385
                   7.607                      -245.44233
                   7.614                      -245.54893
                   7.621                       -245.6449
                   7.628                      -245.73171
                   7.635                      -245.81092
                   7.642                      -245.88416
                   7.649                      -245.95301
                   7.656                      -246.01894
                   7.663                      -246.08324
                    7.67                        -246.147
                   7.677                      -246.21101
                   7.684                      -246.27579
                   7.691                      -246.34149
                   7.698                      -246.40795
                   7.705                      -246.47464
                   7.712                      -246.54064
                   7.719                       -246.6047
                   7.726                      -246.66524
                   7.733                      -246.72036
                    7.74                      -246.76793
                   7.747                      -246.80566
                   7.754                      -246.83117
                   7.761                      -246.84216
                   7.768                      -246.83649
                   7.775                      -246.81236
                   7.782                      -246.76841
                   7.789                       -246.7038
                   7.796                      -246.61834
                   7.803                      -246.51246
                    7.81                      -246.38719
                   7.817                      -246.24411
                   7.824                      -246.08525
                   7.831                      -245.91293
                   7.838                      -245.72969
                   7.845                      -245.53813
                   7.852                      -245.34081
                   7.859                      -245.14017
                   7.866                       -244.9385
                   7.873                      -244.73784
                    7.88                      -244.53999
                   7.887                      -244.34652
                   7.894                      -244.15873
                   7.901                       -243.9777
                   7.908                       -243.8043
                   7.915                      -243.63917
                   7.922                       -243.4828
                   7.929                       -243.3355
                   7.936                      -243.19744
                   7.943                      -243.06865
                    7.95                      -242.94906
                   7.957                      -242.83849
                   7.964                      -242.73669
                   7.971                      -242.64331
                   7.978                      -242.55796
                   7.985                      -242.48015
                   7.992                       -242.4094
                   7.999                      -242.34514
                   8.006                      -242.28679
                   8.013                      -242.23376
                    8.02                      -242.18542
                   8.027                      -242.14115
                   8.034                      -242.10034
                   8.041                      -242.06239
                   8.048                      -242.02669
                   8.055                      -241.99271
                   8.062                      -241.95991
                   8.069                      -241.92781
                   8.076                      -241.89598
                   8.083                      -241.86404
                    8.09                      -241.83166
                   8.097                      -241.79857
                   8.104                      -241.76453
                   8.111                       -241.7294
                   8.118                      -241.69303
                   8.125                      -241.65537
                   8.132                      -241.61636
                   8.139                      -241.57601
                   8.146                      -241.53432
                   8.153                      -241.49132
                    8.16                      -241.44705
                   8.167                      -241.40157
                   8.174                       -241.3549
                   8.181                      -241.30707
                   8.188                      -241.25811
                   8.195                      -241.20802
                   8.202                      -241.15678
                   8.209                      -241.10437
                   8.216                      -241.05075
                   8.223                      -240.99585
                    8.23                      -240.93962
                   8.237                      -240.88199
                   8.244                      -240.82291
                   8.251                       -240.7623
                   8.258                      -240.70013
                   8.265                      -240.63638
                   8.272                      -240.57106
                   8.279                      -240.50419
                   8.286                      -240.43585
                   8.293                      -240.36615
                     8.3                      -240.29523
                   8.307                       -240.2233
                   8.314                      -240.15059
                   8.321                      -240.07737
                   8.328                      -240.00395
                   8.335                       -239.9307
                   8.342                      -239.85798
                   8.349                       -239.7862
                   8.356                      -239.71579
                   8.363                      -239.64718
                    8.37                      -239.58083
                   8.377                      -239.51718
                   8.384                      -239.45668
                   8.391                      -239.39977
                   8.398                      -239.34688
                   8.405                      -239.29842
                   8.412                      -239.25477
                   8.419                       -239.2163
                   8.426                      -239.18335
                   8.433                      -239.15623
                    8.44                      -239.13522
                   8.447                      -239.12056
                   8.454                      -239.11247
                   8.461                      -239.11112
                   8.468                      -239.11666
                   8.475                      -239.12918
                   8.482                      -239.14876
                   8.489                      -239.17542
                   8.496                      -239.20914
                   8.503                      -239.24989
                    8.51                      -239.29756
                   8.517                      -239.35202
                   8.524                      -239.41311
                   8.531                      -239.48059
                   8.538                      -239.55422
                   8.545                       -239.6337
                   8.552                      -239.71869
                   8.559                      -239.80881
                   8.566                      -239.90364
                   8.573                      -240.00273
                    8.58                      -240.10558
                   8.587                      -240.21168
                   8.594                      -240.32048
                   8.601                      -240.43142
                   8.608                      -240.54392
                   8.615                       -240.6574
                   8.622                      -240.77126
                   8.629                      -240.88494
                   8.636                      -240.99788
                   8.643                      -241.10955
                    8.65                      -241.21947
                   8.657                      -241.32719
                   8.664                      -241.43233
                   8.671                      -241.53456
                   8.678                      -241.63361
                   8.685                      -241.72931
                   8.692                      -241.82151
                   8.699                      -241.91018
                   8.706                      -241.99531
                   8.713                      -242.07697
                    8.72                      -242.15527
                   8.727                      -242.23038
                   8.734                      -242.30249
                   8.741                       -242.3718
                   8.748                      -242.43853
                   8.755                       -242.5029
                   8.762                      -242.56512
                   8.769                      -242.62538
                   8.776                      -242.68383
                   8.783                       -242.7406
                    8.79                      -242.79577
                   8.797                      -242.84938
                   8.804                      -242.90144
                   8.811                      -242.95189
                   8.818                      -243.00065
                   8.825                       -243.0476
                   8.832                      -243.09258
                   8.839                       -243.1354
                   8.846                      -243.17588
                   8.853                       -243.2138
                    8.86                      -243.24895
                   8.867                      -243.28116
                   8.874                      -243.31025
                   8.881                      -243.33608
                   8.888                      -243.35856
                   8.895                      -243.37764
                   8.902                      -243.39332
                   8.909                      -243.40568
                   8.916                      -243.41483
                   8.923                      -243.42097
                    8.93                      -243.42433
                   8.937                      -243.42522
                   8.944                      -243.42398
                   8.951                      -243.42101
                   8.958                      -243.41672
                   8.965                      -243.41158
                   8.972                      -243.40604
                   8.979                      -243.40058
                   8.986                      -243.39567
                   8.993                      -243.39179
                       9                      -243.38939

