        Frequency / GHz                voltage1 [1]/abs,dB
----------------------------------------------------------------------
                       2                      -227.23043
                   2.007                      -226.91234
                   2.014                      -226.62558
                   2.021                      -226.37204
                   2.028                      -226.15298
                   2.035                      -225.96915
                   2.042                      -225.82095
                   2.049                      -225.70855
                   2.056                      -225.63197
                   2.063                      -225.59108
                    2.07                      -225.58568
                   2.077                       -225.6155
                   2.084                      -225.68018
                   2.091                      -225.77933
                   2.098                      -225.91241
                   2.105                      -226.07881
                   2.112                      -226.27774
                   2.119                       -226.5082
                   2.126                      -226.76892
                   2.133                      -227.05828
                    2.14                      -227.37426
                   2.147                      -227.71428
                   2.154                      -228.07519
                   2.161                      -228.45316
                   2.168                      -228.84363
                   2.175                      -229.24139
                   2.182                      -229.64067
                   2.189                       -230.0354
                   2.196                      -230.41964
                   2.203                      -230.78811
                    2.21                      -231.13681
                   2.217                      -231.46361
                   2.224                      -231.76878
                   2.231                      -232.05517
                   2.238                      -232.32818
                   2.245                      -232.59548
                   2.252                      -232.86647
                   2.259                      -233.15184
                   2.266                      -233.46305
                   2.273                      -233.81202
                    2.28                      -234.21093
                   2.287                      -234.67208
                   2.294                      -235.20765
                   2.301                      -235.82915
                   2.308                      -236.54573
                   2.315                      -237.36024
                   2.322                      -238.25996
                   2.329                      -239.19734
                   2.336                      -240.05743
                   2.343                      -240.63168
                    2.35                      -240.67481
                   2.357                      -240.08917
                   2.364                      -239.02505
                   2.371                       -237.7328
                   2.378                      -236.40015
                   2.385                        -235.124
                   2.392                      -233.94264
                   2.399                      -232.86567
                   2.406                      -231.89046
                   2.413                      -231.00994
                    2.42                      -230.21594
                   2.427                      -229.50057
                   2.434                      -228.85663
                   2.441                       -228.2778
                   2.448                      -227.75855
                   2.455                      -227.29401
                   2.462                      -226.87993
                   2.469                      -226.51253
                   2.476                       -226.1884
                   2.483                      -225.90443
                    2.49                      -225.65774
                   2.497                       -225.4456
                   2.504                      -225.26539
                   2.511                      -225.11452
                   2.518                      -224.99042
                   2.525                      -224.89048
                   2.532                      -224.81204
                   2.539                      -224.75237
                   2.546                      -224.70862
                   2.553                      -224.67791
                    2.56                      -224.65726
                   2.567                      -224.64372
                   2.574                      -224.63436
                   2.581                       -224.6264
                   2.588                      -224.61728
                   2.595                      -224.60478
                   2.602                      -224.58709
                   2.609                      -224.56292
                   2.616                      -224.53157
                   2.623                      -224.49294
                    2.63                      -224.44754
                   2.637                      -224.39645
                   2.644                      -224.34126
                   2.651                      -224.28394
                   2.658                      -224.22679
                   2.665                      -224.17228
                   2.672                      -224.12301
                   2.679                      -224.08157
                   2.686                      -224.05051
                   2.693                      -224.03231
                     2.7                      -224.02928
                   2.707                      -224.04363
                   2.714                      -224.07741
                   2.721                      -224.13254
                   2.728                      -224.21081
                   2.735                      -224.31393
                   2.742                      -224.44352
                   2.749                      -224.60114
                   2.756                      -224.78831
                   2.763                      -225.00654
                    2.77                      -225.25738
                   2.777                      -225.54235
                   2.784                      -225.86307
                   2.791                      -226.22117
                   2.798                      -226.61837
                   2.805                       -227.0564
                   2.812                      -227.53704
                   2.819                      -228.06201
                   2.826                      -228.63286
                   2.833                      -229.25079
                    2.84                      -229.91633
                   2.847                       -230.6288
                   2.854                       -231.3855
                   2.861                      -232.18043
                   2.868                      -233.00245
                   2.875                      -233.83294
                   2.882                      -234.64321
                   2.889                      -235.39325
                   2.896                      -236.03417
                   2.903                      -236.51736
                    2.91                      -236.80948
                   2.917                      -236.90609
                   2.924                      -236.83391
                   2.931                      -236.63982
                   2.938                      -236.37521
                   2.945                      -236.08474
                   2.952                      -235.80198
                   2.959                      -235.54995
                   2.966                      -235.34347
                   2.973                       -235.1917
                    2.98                      -235.10022
                   2.987                      -235.07244
                   2.994                      -235.11066
                   3.001                      -235.21673
                   3.008                      -235.39247
                   3.015                      -235.64005
                   3.022                      -235.96222
                   3.029                      -236.36258
                   3.036                      -236.84584
                   3.043                      -237.41809
                    3.05                      -238.08724
                   3.057                      -238.86345
                   3.064                       -239.7597
                   3.071                      -240.79244
                   3.078                       -241.9819
                   3.085                       -243.3509
                   3.092                       -244.9185
                   3.099                       -246.6762
                   3.106                      -248.51351
                   3.113                      -250.05231
                    3.12                      -250.60931
                   3.127                      -249.90502
                   3.134                      -248.50512
                   3.141                      -247.00169
                   3.148                      -245.63896
                   3.155                      -244.46987
                   3.162                      -243.48473
                   3.169                      -242.65908
                   3.176                      -241.96792
                   3.183                      -241.38912
                    3.19                      -240.90359
                   3.197                      -240.49472
                   3.204                      -240.14773
                   3.211                      -239.84914
                   3.218                      -239.58637
                   3.225                      -239.34765
                   3.232                        -239.122
                   3.239                      -238.89952
                   3.246                      -238.67164
                   3.253                      -238.43156
                    3.26                      -238.17459
                   3.267                      -237.89829
                   3.274                      -237.60249
                   3.281                        -237.289
                   3.288                      -236.96123
                   3.295                       -236.6236
                   3.302                      -236.28107
                   3.309                      -235.93866
                   3.316                      -235.60113
                   3.323                       -235.2727
                    3.33                      -234.95702
                   3.337                      -234.65703
                   3.344                      -234.37507
                   3.351                      -234.11284
                   3.358                      -233.87157
                   3.365                      -233.65196
                   3.372                      -233.45438
                   3.379                      -233.27882
                   3.386                        -233.125
                   3.393                      -232.99241
                     3.4                      -232.88032
                   3.407                      -232.78783
                   3.414                      -232.71389
                   3.421                      -232.65734
                   3.428                      -232.61692
                   3.435                      -232.59127
                   3.442                      -232.57901
                   3.449                      -232.57872
                   3.456                      -232.58898
                   3.463                      -232.60843
                    3.47                      -232.63575
                   3.477                      -232.66975
                   3.484                      -232.70938
                   3.491                      -232.75374
                   3.498                      -232.80215
                   3.505                      -232.85414
                   3.512                      -232.90946
                   3.519                      -232.96811
                   3.526                      -233.03031
                   3.533                       -233.0965
                    3.54                      -233.16729
                   3.547                      -233.24346
                   3.554                      -233.32594
                   3.561                       -233.4157
                   3.568                      -233.51381
                   3.575                      -233.62134
                   3.582                      -233.73933
                   3.589                       -233.8688
                   3.596                      -234.01068
                   3.603                       -234.1658
                    3.61                      -234.33486
                   3.617                      -234.51844
                   3.624                      -234.71692
                   3.631                      -234.93048
                   3.638                      -235.15908
                   3.645                      -235.40243
                   3.652                      -235.65992
                   3.659                      -235.93056
                   3.666                      -236.21299
                   3.673                      -236.50534
                    3.68                      -236.80517
                   3.687                      -237.10939
                   3.694                      -237.41421
                   3.701                      -237.71501
                   3.708                       -238.0064
                   3.715                      -238.28217
                   3.722                      -238.53546
                   3.729                      -238.75902
                   3.736                      -238.94557
                   3.743                      -239.08835
                    3.75                      -239.18167
                   3.757                      -239.22152
                   3.764                      -239.20601
                   3.771                      -239.13554
                   3.778                      -239.01278
                   3.785                      -238.84231
                   3.792                      -238.63008
                   3.799                      -238.38286
                   3.806                      -238.10769
                   3.813                      -237.81142
                    3.82                      -237.50042
                   3.827                      -237.18044
                   3.834                      -236.85647
                   3.841                       -236.5328
                   3.848                      -236.21306
                   3.855                      -235.90027
                   3.862                      -235.59694
                   3.869                      -235.30513
                   3.876                      -235.02654
                   3.883                      -234.76254
                    3.89                      -234.51424
                   3.897                      -234.28254
                   3.904                      -234.06812
                   3.911                      -233.87153
                   3.918                      -233.69313
                   3.925                       -233.5332
                   3.932                      -233.39184
                   3.939                      -233.26908
                   3.946                      -233.16481
                   3.953                       -233.0788
                    3.96                      -233.01072
                   3.967                      -232.96011
                   3.974                      -232.92636
                   3.981                      -232.90876
                   3.988                      -232.90642
                   3.995                      -232.91832
                   4.002                      -232.94327
                   4.009                      -232.97991
                   4.016                      -233.02674
                   4.023                      -233.08207
                    4.03                      -233.14411
                   4.037                      -233.21091
                   4.044                      -233.28047
                   4.051                      -233.35077
                   4.058                       -233.4198
                   4.065                      -233.48569
                   4.072                      -233.54672
                   4.079                       -233.6015
                   4.086                      -233.64894
                   4.093                       -233.6884
                     4.1                      -233.71969
                   4.107                      -233.74309
                   4.114                      -233.75939
                   4.121                      -233.76978
                   4.128                      -233.77588
                   4.135                      -233.77961
                   4.142                      -233.78315
                   4.149                      -233.78884
                   4.156                      -233.79913
                   4.163                       -233.8165
                    4.17                      -233.84341
                   4.177                      -233.88231
                   4.184                      -233.93556
                   4.191                      -234.00546
                   4.198                      -234.09425
                   4.205                       -234.2041
                   4.212                      -234.33717
                   4.219                      -234.49561
                   4.226                      -234.68159
                   4.233                      -234.89737
                    4.24                      -235.14531
                   4.247                      -235.42796
                   4.254                      -235.74809
                   4.261                      -236.10878
                   4.268                      -236.51355
                   4.275                      -236.96638
                   4.282                      -237.47195
                   4.289                      -238.03575
                   4.296                       -238.6643
                   4.303                      -239.36546
                    4.31                      -240.14873
                   4.317                      -241.02558
                   4.324                      -242.00982
                   4.331                      -243.11749
                   4.338                       -244.3656
                   4.345                      -245.76708
                   4.352                      -247.31499
                   4.359                      -248.93886
                   4.366                      -250.41061
                   4.373                      -251.27101
                    4.38                      -251.11575
                   4.387                      -250.11246
                   4.394                      -248.76507
                   4.401                      -247.41485
                   4.408                      -246.19327
                   4.415                      -245.13022
                   4.422                      -244.21998
                   4.429                      -243.44735
                   4.436                      -242.79641
                   4.443                      -242.25311
                    4.45                      -241.80571
                   4.457                      -241.44454
                   4.464                      -241.16161
                   4.471                      -240.95019
                   4.478                      -240.80437
                   4.485                       -240.7187
                   4.492                      -240.68777
                   4.499                      -240.70577
                   4.506                      -240.76596
                   4.513                      -240.86016
                    4.52                      -240.97806
                   4.527                       -241.1067
                   4.534                      -241.23008
                   4.541                      -241.32929
                   4.548                      -241.38353
                   4.555                      -241.37228
                   4.562                       -241.2784
                   4.569                       -241.0916
                   4.576                      -240.81064
                   4.583                       -240.4435
                    4.59                      -240.00532
                   4.597                      -239.51503
                   4.604                      -238.99208
                   4.611                      -238.45414
                   4.618                      -237.91587
                   4.625                      -237.38867
                   4.632                      -236.88097
                   4.639                      -236.39871
                   4.646                       -235.9459
                   4.653                      -235.52507
                    4.66                      -235.13771
                   4.667                      -234.78454
                   4.674                      -234.46575
                   4.681                      -234.18113
                   4.688                      -233.93022
                   4.695                      -233.71236
                   4.702                      -233.52675
                   4.709                      -233.37245
                   4.716                      -233.24842
                   4.723                      -233.15351
                    4.73                      -233.08647
                   4.737                      -233.04588
                   4.744                      -233.03018
                   4.751                      -233.03766
                   4.758                      -233.06636
                   4.765                      -233.11414
                   4.772                      -233.17862
                   4.779                      -233.25717
                   4.786                      -233.34694
                   4.793                      -233.44493
                     4.8                      -233.54797
                   4.807                      -233.65291
                   4.814                      -233.75666
                   4.821                      -233.85642
                   4.828                      -233.94978
                   4.835                      -234.03493
                   4.842                      -234.11077
                   4.849                      -234.17705
                   4.856                       -234.2344
                   4.863                       -234.2843
                    4.87                      -234.32903
                   4.877                      -234.37154
                   4.884                      -234.41527
                   4.891                      -234.46402
                   4.898                      -234.52175
                   4.905                      -234.59245
                   4.912                      -234.68005
                   4.919                      -234.78825
                   4.926                      -234.92052
                   4.933                      -235.07995
                    4.94                       -235.2692
                   4.947                      -235.49035
                   4.954                      -235.74473
                   4.961                      -236.03265
                   4.968                      -236.35298
                   4.975                      -236.70255
                   4.982                      -237.07535
                   4.989                      -237.46148
                   4.996                      -237.84599
                   5.003                      -238.20799
                    5.01                      -238.52062
                   5.017                      -238.75309
                   5.024                      -238.87537
                   5.031                       -238.8652
                   5.038                      -238.71473
                   5.045                      -238.43325
                   5.052                      -238.04417
                   5.059                      -237.57831
                   5.066                      -237.06699
                   5.073                      -236.53746
                    5.08                      -236.01106
                   5.087                      -235.50331
                   5.094                      -235.02489
                   5.101                      -234.58276
                   5.108                      -234.18127
                   5.115                      -233.82296
                   5.122                      -233.50919
                   5.129                       -233.2405
                   5.136                      -233.01697
                   5.143                      -232.83837
                    5.15                      -232.70423
                   5.157                      -232.61396
                   5.164                      -232.56681
                   5.171                      -232.56186
                   5.178                      -232.59795
                   5.185                      -232.67356
                   5.192                      -232.78667
                   5.199                      -232.93451
                   5.206                      -233.11329
                   5.213                      -233.31784
                    5.22                      -233.54119
                   5.227                      -233.77414
                   5.234                      -234.00491
                   5.241                      -234.21909
                   5.248                      -234.40004
                   5.255                      -234.53014
                   5.262                       -234.5928
                   5.269                      -234.57517
                   5.276                      -234.47063
                   5.283                      -234.28016
                    5.29                      -234.01213
                   5.297                      -233.68032
                   5.304                      -233.30131
                   5.311                      -232.89196
                   5.318                      -232.46757
                   5.325                      -232.04101
                   5.332                       -231.6224
                   5.339                      -231.21935
                   5.346                      -230.83733
                   5.353                      -230.48007
                    5.36                      -230.14999
                   5.367                      -229.84848
                   5.374                       -229.5762
                   5.381                      -229.33328
                   5.388                       -229.1194
                   5.395                      -228.93398
                   5.402                      -228.77616
                   5.409                      -228.64493
                   5.416                       -228.5391
                   5.423                      -228.45734
                    5.43                      -228.39819
                   5.437                      -228.36006
                   5.444                       -228.3412
                   5.451                      -228.33979
                   5.458                      -228.35381
                   5.465                      -228.38119
                   5.472                      -228.41971
                   5.479                       -228.4671
                   5.486                      -228.52102
                   5.493                      -228.57916
                     5.5                      -228.63927
                   5.507                      -228.69923
                   5.514                      -228.75711
                   5.521                      -228.81128
                   5.528                      -228.86044
                   5.535                       -228.9037
                   5.542                       -228.9406
                   5.549                       -228.9711
                   5.556                      -228.99561
                   5.563                      -229.01491
                    5.57                      -229.03012
                   5.577                      -229.04261
                   5.584                       -229.0539
                   5.591                      -229.06562
                   5.598                       -229.0794
                   5.605                      -229.09683
                   5.612                      -229.11936
                   5.619                      -229.14828
                   5.626                       -229.1847
                   5.633                      -229.22948
                    5.64                      -229.28326
                   5.647                      -229.34642
                   5.654                      -229.41909
                   5.661                      -229.50115
                   5.668                      -229.59223
                   5.675                      -229.69176
                   5.682                      -229.79893
                   5.689                      -229.91278
                   5.696                      -230.03217
                   5.703                      -230.15588
                    5.71                      -230.28265
                   5.717                      -230.41121
                   5.724                      -230.54036
                   5.731                      -230.66904
                   5.738                      -230.79641
                   5.745                      -230.92186
                   5.752                      -231.04511
                   5.759                      -231.16621
                   5.766                      -231.28555
                   5.773                      -231.40386
                    5.78                      -231.52219
                   5.787                      -231.64181
                   5.794                       -231.7642
                   5.801                      -231.89095
                   5.808                      -232.02366
                   5.815                       -232.1639
                   5.822                      -232.31305
                   5.829                      -232.47227
                   5.836                      -232.64235
                   5.843                      -232.82364
                    5.85                      -233.01594
                   5.857                      -233.21834
                   5.864                      -233.42914
                   5.871                       -233.6457
                   5.878                      -233.86434
                   5.885                      -234.08026
                   5.892                      -234.28752
                   5.899                      -234.47925
                   5.906                      -234.64786
                   5.913                      -234.78561
                    5.92                       -234.8853
                   5.927                      -234.94107
                   5.934                      -234.94917
                   5.941                      -234.90858
                   5.948                      -234.82117
                   5.955                      -234.69149
                   5.962                      -234.52618
                   5.969                      -234.33324
                   5.976                      -234.12118
                   5.983                      -233.89835
                    5.99                       -233.6725
                   5.997                      -233.45045
                   6.004                      -233.23803
                   6.011                      -233.04003
                   6.018                      -232.86037
                   6.025                      -232.70213
                   6.032                      -232.56774
                   6.039                      -232.45907
                   6.046                      -232.37758
                   6.053                      -232.32436
                    6.06                      -232.30025
                   6.067                      -232.30588
                   6.074                      -232.34173
                   6.081                      -232.40816
                   6.088                      -232.50544
                   6.095                       -232.6338
                   6.102                      -232.79337
                   6.109                      -232.98426
                   6.116                      -233.20653
                   6.123                      -233.46018
                    6.13                      -233.74515
                   6.137                       -234.0613
                   6.144                      -234.40838
                   6.151                      -234.78601
                   6.158                      -235.19362
                   6.165                      -235.63041
                   6.172                      -236.09529
                   6.179                      -236.58677
                   6.186                      -237.10288
                   6.193                      -237.64108
                     6.2                       -238.1981
                   6.207                      -238.76983
                   6.214                      -239.35117
                   6.221                      -239.93598
                   6.228                      -240.51702
                   6.235                      -241.08599
                   6.242                      -241.63373
                   6.249                      -242.15057
                   6.256                      -242.62683
                   6.263                      -243.05343
                    6.27                      -243.42253
                   6.277                       -243.7281
                   6.284                      -243.96628
                   6.291                      -244.13549
                   6.298                      -244.23627
                   6.305                      -244.27106
                   6.312                      -244.24385
                   6.319                      -244.15985
                   6.326                      -244.02524
                   6.333                      -243.84698
                    6.34                      -243.63255
                   6.347                      -243.38975
                   6.354                       -243.1265
                   6.361                      -242.85055
                   6.368                      -242.56931
                   6.375                      -242.28966
                   6.382                      -242.01786
                   6.389                      -241.75946
                   6.396                      -241.51933
                   6.403                      -241.30165
                    6.41                      -241.10998
                   6.417                      -240.94732
                   6.424                      -240.81614
                   6.431                       -240.7185
                   6.438                      -240.65603
                   6.445                      -240.62999
                   6.452                      -240.64126
                   6.459                      -240.69029
                   6.466                      -240.77709
                   6.473                      -240.90103
                    6.48                      -241.06072
                   6.487                      -241.25372
                   6.494                      -241.47624
                   6.501                      -241.72264
                   6.508                      -241.98502
                   6.515                      -242.25263
                   6.522                      -242.51163
                   6.529                      -242.74513
                   6.536                       -242.9341
                   6.543                      -243.05922
                    6.55                      -243.10382
                   6.557                      -243.05706
                   6.564                      -242.91642
                   6.571                      -242.68821
                   6.578                      -242.38601
                   6.585                      -242.02761
                   6.592                      -241.63189
                   6.599                      -241.21634
                   6.606                       -240.7957
                   6.613                      -240.38154
                    6.62                      -239.98236
                   6.627                      -239.60406
                   6.634                      -239.25043
                   6.641                      -238.92362
                   6.648                      -238.62453
                   6.655                      -238.35311
                   6.662                       -238.1086
                   6.669                      -237.88968
                   6.676                      -237.69459
                   6.683                      -237.52125
                    6.69                      -237.36732
                   6.697                      -237.23023
                   6.704                      -237.10729
                   6.711                      -236.99574
                   6.718                      -236.89283
                   6.725                       -236.7959
                   6.732                      -236.70247
                   6.739                      -236.61034
                   6.746                      -236.51769
                   6.753                      -236.42314
                    6.76                      -236.32581
                   6.767                      -236.22537
                   6.774                      -236.12201
                   6.781                      -236.01645
                   6.788                      -235.90985
                   6.795                       -235.8037
                   6.802                      -235.69982
                   6.809                      -235.60018
                   6.816                      -235.50684
                   6.823                      -235.42188
                    6.83                       -235.3473
                   6.837                      -235.28501
                   6.844                      -235.23675
                   6.851                      -235.20411
                   6.858                      -235.18844
                   6.865                      -235.19092
                   6.872                      -235.21249
                   6.879                      -235.25391
                   6.886                      -235.31569
                   6.893                      -235.39815
                     6.9                      -235.50137
                   6.907                      -235.62522
                   6.914                      -235.76934
                   6.921                      -235.93314
                   6.928                      -236.11578
                   6.935                      -236.31619
                   6.942                      -236.53308
                   6.949                      -236.76492
                   6.956                         -237.01
                   6.963                      -237.26645
                    6.97                      -237.53234
                   6.977                      -237.80571
                   6.984                      -238.08475
                   6.991                      -238.36785
                   6.998                       -238.6538
                   7.005                       -238.9419
                   7.012                      -239.23205
                   7.019                      -239.52489
                   7.026                      -239.82178
                   7.033                       -240.1248
                    7.04                      -240.43668
                   7.047                      -240.76057
                   7.054                      -241.09989
                   7.061                      -241.45789
                   7.068                      -241.83724
                   7.075                      -242.23932
                   7.082                      -242.66332
                   7.089                       -243.1048
                   7.096                      -243.55393
                   7.103                      -243.99317
                    7.11                      -244.39502
                   7.117                      -244.72137
                   7.124                       -244.9266
                   7.131                      -244.96687
                   7.138                      -244.81418
                   7.145                      -244.46785
                   7.152                      -243.95529
                   7.159                      -243.32134
                   7.166                      -242.61413
                   7.173                       -241.8751
                    7.18                      -241.13534
                   7.187                      -240.41596
                   7.194                      -239.73029
                   7.201                      -239.08612
                   7.208                       -238.4876
                   7.215                      -237.93658
                   7.222                       -237.4335
                   7.229                      -236.97797
                   7.236                      -236.56917
                   7.243                      -236.20606
                    7.25                      -235.88753
                   7.257                      -235.61249
                   7.264                      -235.37992
                   7.271                      -235.18891
                   7.278                      -235.03862
                   7.285                      -234.92838
                   7.292                       -234.8576
                   7.299                      -234.82583
                   7.306                      -234.83271
                   7.313                      -234.87801
                    7.32                      -234.96159
                   7.327                       -235.0834
                   7.334                      -235.24349
                   7.341                      -235.44197
                   7.348                      -235.67903
                   7.355                      -235.95492
                   7.362                      -236.26992
                   7.369                      -236.62435
                   7.376                      -237.01851
                   7.383                      -237.45269
                    7.39                      -237.92713
                   7.397                      -238.44197
                   7.404                      -238.99721
                   7.411                      -239.59271
                   7.418                      -240.22809
                   7.425                      -240.90277
                   7.432                      -241.61595
                   7.439                      -242.36671
                   7.446                      -243.15412
                   7.453                      -243.97756
                    7.46                      -244.83712
                   7.467                      -245.73417
                   7.474                      -246.67203
                   7.481                      -247.65648
                   7.488                      -248.69577
                   7.495                      -249.79894
                   7.502                      -250.96988
                   7.509                       -252.1915
                   7.516                      -253.38862
                   7.523                      -254.36416
                    7.53                      -254.77548
                   7.537                      -254.34233
                   7.544                      -253.16665
                   7.551                      -251.61415
                   7.558                      -249.98129
                   7.565                      -248.41199
                   7.572                       -246.9566
                   7.579                      -245.62474
                   7.586                      -244.41111
                   7.593                      -243.30604
                     7.6                      -242.29943
                   7.607                      -241.38204
                   7.614                      -240.54589
                   7.621                      -239.78416
                   7.628                      -239.09107
                   7.635                      -238.46177
                   7.642                       -237.8921
                   7.649                      -237.37856
                   7.656                      -236.91813
                   7.663                      -236.50822
                    7.67                       -236.1466
                   7.677                      -235.83133
                   7.684                       -235.5607
                   7.691                      -235.33322
                   7.698                      -235.14752
                   7.705                      -235.00234
                   7.712                      -234.89648
                   7.719                      -234.82876
                   7.726                      -234.79792
                   7.733                       -234.8026
                    7.74                      -234.84122
                   7.747                      -234.91188
                   7.754                      -235.01228
                   7.761                       -235.1395
                   7.768                      -235.28988
                   7.775                      -235.45884
                   7.782                      -235.64067
                   7.789                      -235.82844
                   7.796                      -236.01393
                   7.803                      -236.18774
                    7.81                      -236.33969
                   7.817                      -236.45948
                   7.824                      -236.53762
                   7.831                      -236.56657
                   7.838                       -236.5418
                   7.845                      -236.46244
                   7.852                      -236.33143
                   7.859                      -236.15502
                   7.866                      -235.94184
                   7.873                      -235.70175
                    7.88                      -235.44483
                   7.887                      -235.18056
                   7.894                      -234.91736
                   7.901                      -234.66237
                   7.908                      -234.42141
                   7.915                      -234.19914
                   7.922                      -233.99915
                   7.929                      -233.82418
                   7.936                      -233.67628
                   7.943                      -233.55694
                    7.95                      -233.46724
                   7.957                       -233.4079
                   7.964                      -233.37942
                   7.971                      -233.38208
                   7.978                        -233.416
                   7.985                      -233.48116
                   7.992                      -233.57741
                   7.999                      -233.70448
                   8.006                      -233.86191
                   8.013                      -234.04911
                    8.02                      -234.26524
                   8.027                      -234.50916
                   8.034                      -234.77941
                   8.041                      -235.07403
                   8.048                      -235.39052
                   8.055                      -235.72565
                   8.062                      -236.07535
                   8.069                      -236.43457
                   8.076                      -236.79717
                   8.083                      -237.15588
                    8.09                      -237.50244
                   8.097                      -237.82782
                   8.104                      -238.12274
                   8.111                       -238.3784
                   8.118                      -238.58734
                   8.125                      -238.74423
                   8.132                      -238.84659
                   8.139                      -238.89496
                   8.146                      -238.89271
                   8.153                      -238.84538
                    8.16                      -238.75987
                   8.167                      -238.64353
                   8.174                      -238.50345
                   8.181                       -238.3459
                   8.188                      -238.17612
                   8.195                      -237.99813
                   8.202                      -237.81489
                   8.209                      -237.62832
                   8.216                      -237.43957
                   8.223                      -237.24914
                    8.23                      -237.05714
                   8.237                      -236.86338
                   8.244                      -236.66759
                   8.251                      -236.46953
                   8.258                      -236.26906
                   8.265                      -236.06622
                   8.272                      -235.86128
                   8.279                       -235.6547
                   8.286                       -235.4472
                   8.293                      -235.23963
                     8.3                      -235.03301
                   8.307                      -234.82842
                   8.314                      -234.62697
                   8.321                      -234.42977
                   8.328                      -234.23786
                   8.335                       -234.0522
                   8.342                      -233.87362
                   8.349                      -233.70281
                   8.356                      -233.54031
                   8.363                      -233.38654
                    8.37                      -233.24172
                   8.377                      -233.10598
                   8.384                      -232.97927
                   8.391                      -232.86147
                   8.398                      -232.75231
                   8.405                      -232.65148
                   8.412                      -232.55859
                   8.419                       -232.4732
                   8.426                      -232.39486
                   8.433                      -232.32314
                    8.44                      -232.25761
                   8.447                      -232.19791
                   8.454                      -232.14375
                   8.461                      -232.09489
                   8.468                      -232.05124
                   8.475                      -232.01277
                   8.482                       -231.9796
                   8.489                      -231.95193
                   8.496                      -231.93009
                   8.503                       -231.9145
                    8.51                      -231.90568
                   8.517                       -231.9042
                   8.524                      -231.91071
                   8.531                      -231.92586
                   8.538                      -231.95034
                   8.545                       -231.9848
                   8.552                      -232.02987
                   8.559                      -232.08609
                   8.566                      -232.15392
                   8.573                       -232.2337
                    8.58                       -232.3256
                   8.587                       -232.4296
                   8.594                      -232.54545
                   8.601                      -232.67264
                   8.608                      -232.81032
                   8.615                       -232.9573
                   8.622                      -233.11198
                   8.629                      -233.27228
                   8.636                      -233.43566
                   8.643                      -233.59909
                    8.65                      -233.75905
                   8.657                      -233.91161
                   8.664                      -234.05253
                   8.671                      -234.17746
                   8.678                      -234.28217
                   8.685                      -234.36282
                   8.692                      -234.41628
                   8.699                      -234.44039
                   8.706                      -234.43422
                   8.713                      -234.39811
                    8.72                      -234.33369
                   8.727                      -234.24369
                   8.734                      -234.13174
                   8.741                      -234.00206
                   8.748                      -233.85914
                   8.755                      -233.70751
                   8.762                      -233.55149
                   8.769                      -233.39507
                   8.776                      -233.24182
                   8.783                      -233.09481
                    8.79                      -232.95666
                   8.797                      -232.82955
                   8.804                       -232.7152
                   8.811                      -232.61502
                   8.818                      -232.53004
                   8.825                      -232.46105
                   8.832                       -232.4086
                   8.839                      -232.37303
                   8.846                      -232.35451
                   8.853                      -232.35309
                    8.86                      -232.36869
                   8.867                      -232.40115
                   8.874                      -232.45024
                   8.881                      -232.51567
                   8.888                      -232.59711
                   8.895                      -232.69422
                   8.902                      -232.80666
                   8.909                      -232.93408
                   8.916                      -233.07618
                   8.923                      -233.23269
                    8.93                      -233.40341
                   8.937                      -233.58818
                   8.944                      -233.78697
                   8.951                      -233.99983
                   8.958                      -234.22692
                   8.965                      -234.46853
                   8.972                      -234.72506
                   8.979                      -234.99704
                   8.986                      -235.28511
                   8.993                      -235.58999
                       9                      -235.91246

