        Frequency / GHz                voltage1_1 [1]/abs,dB
----------------------------------------------------------------------
                       2                      -230.06096
                   2.007                      -229.98911
                   2.014                      -229.92475
                   2.021                      -229.86847
                   2.028                      -229.82083
                   2.035                      -229.78231
                   2.042                      -229.75338
                   2.049                      -229.73442
                   2.056                      -229.72577
                   2.063                      -229.72769
                    2.07                      -229.74037
                   2.077                      -229.76393
                   2.084                      -229.79842
                   2.091                      -229.84377
                   2.098                      -229.89984
                   2.105                       -229.9664
                   2.112                      -230.04309
                   2.119                      -230.12944
                   2.126                      -230.22485
                   2.133                      -230.32859
                    2.14                       -230.4398
                   2.147                      -230.55745
                   2.154                      -230.68038
                   2.161                       -230.8073
                   2.168                      -230.93674
                   2.175                      -231.06717
                   2.182                      -231.19691
                   2.189                      -231.32425
                   2.196                      -231.44748
                   2.203                      -231.56491
                    2.21                      -231.67496
                   2.217                      -231.77624
                   2.224                      -231.86759
                   2.231                      -231.94816
                   2.238                      -232.01745
                   2.245                      -232.07535
                   2.252                      -232.12215
                   2.259                      -232.15855
                   2.266                      -232.18559
                   2.273                      -232.20466
                    2.28                      -232.21738
                   2.287                      -232.22558
                   2.294                      -232.23123
                   2.301                      -232.23634
                   2.308                      -232.24296
                   2.315                      -232.25306
                   2.322                      -232.26856
                   2.329                      -232.29129
                   2.336                      -232.32292
                   2.343                      -232.36501
                    2.35                        -232.419
                   2.357                      -232.48615
                   2.364                      -232.56762
                   2.371                      -232.66442
                   2.378                      -232.77745
                   2.385                      -232.90745
                   2.392                      -233.05504
                   2.399                      -233.22073
                   2.406                      -233.40484
                   2.413                      -233.60758
                    2.42                      -233.82892
                   2.427                      -234.06866
                   2.434                      -234.32633
                   2.441                      -234.60114
                   2.448                      -234.89193
                   2.455                      -235.19712
                   2.462                      -235.51456
                   2.469                       -235.8415
                   2.476                      -236.17446
                   2.483                       -236.5092
                    2.49                      -236.84066
                   2.497                      -237.16301
                   2.504                       -237.4698
                   2.511                      -237.75423
                   2.518                      -238.00959
                   2.525                      -238.22976
                   2.532                      -238.40986
                   2.539                      -238.54676
                   2.546                      -238.63955
                   2.553                      -238.68959
                    2.56                       -238.7004
                   2.567                      -238.67726
                   2.574                       -238.6266
                   2.581                      -238.55543
                   2.588                      -238.47078
                   2.595                      -238.37935
                   2.602                      -238.28719
                   2.609                       -238.1996
                   2.616                      -238.12111
                   2.623                      -238.05548
                    2.63                      -238.00582
                   2.637                      -237.97464
                   2.644                      -237.96399
                   2.651                      -237.97551
                   2.658                      -238.01056
                   2.665                      -238.07022
                   2.672                      -238.15544
                   2.679                      -238.26701
                   2.686                      -238.40568
                   2.693                      -238.57212
                     2.7                      -238.76701
                   2.707                      -238.99105
                   2.714                      -239.24495
                   2.721                      -239.52955
                   2.728                      -239.84572
                   2.735                      -240.19451
                   2.742                      -240.57707
                   2.749                      -240.99476
                   2.756                      -241.44918
                   2.763                      -241.94216
                    2.77                      -242.47591
                   2.777                      -243.05301
                   2.784                      -243.67655
                   2.791                      -244.35025
                   2.798                      -245.07858
                   2.805                      -245.86698
                   2.812                       -246.7221
                   2.819                      -247.65213
                   2.826                      -248.66717
                   2.833                      -249.77961
                    2.84                      -251.00449
                   2.847                      -252.35921
                   2.854                      -253.86127
                   2.861                      -255.51994
                   2.868                      -257.31038
                   2.875                      -259.10447
                   2.882                      -260.54844
                   2.889                       -261.0964
                   2.896                      -260.56167
                   2.903                      -259.38824
                    2.91                      -258.06614
                   2.917                      -256.82766
                   2.924                      -255.73964
                   2.931                      -254.80575
                   2.938                      -254.01122
                   2.945                      -253.33826
                   2.952                      -252.77071
                   2.959                        -252.295
                   2.966                      -251.90007
                   2.973                      -251.57688
                    2.98                      -251.31792
                   2.987                      -251.11673
                   2.994                      -250.96745
                   3.001                      -250.86433
                   3.008                      -250.80124
                   3.015                      -250.77114
                   3.022                      -250.76545
                   3.029                      -250.77345
                   3.036                      -250.78175
                   3.043                        -250.774
                    3.05                      -250.73124
                   3.057                      -250.63315
                   3.064                      -250.46045
                   3.071                      -250.19812
                   3.078                      -249.83844
                   3.085                      -249.38278
                   3.092                      -248.84114
                   3.099                      -248.22972
                   3.106                      -247.56758
                   3.113                      -246.87371
                    3.12                      -246.16496
                   3.127                      -245.45513
                   3.134                      -244.75491
                   3.141                      -244.07214
                   3.148                      -243.41237
                   3.155                      -242.77935
                   3.162                      -242.17549
                   3.169                      -241.60225
                   3.176                       -241.0604
                   3.183                      -240.55025
                    3.19                      -240.07176
                   3.197                      -239.62473
                   3.204                      -239.20881
                   3.211                      -238.82356
                   3.218                      -238.46853
                   3.225                      -238.14325
                   3.232                      -237.84725
                   3.239                      -237.58008
                   3.246                      -237.34131
                   3.253                      -237.13054
                    3.26                      -236.94738
                   3.267                      -236.79143
                   3.274                      -236.66235
                   3.281                      -236.55973
                   3.288                      -236.48319
                   3.295                      -236.43227
                   3.302                      -236.40646
                   3.309                      -236.40517
                   3.316                      -236.42764
                   3.323                      -236.47295
                    3.33                      -236.53993
                   3.337                       -236.6271
                   3.344                       -236.7326
                   3.351                      -236.85407
                   3.358                      -236.98859
                   3.365                      -237.13252
                   3.372                      -237.28149
                   3.379                      -237.43029
                   3.386                      -237.57291
                   3.393                      -237.70264
                     3.4                      -237.81232
                   3.407                      -237.89473
                   3.414                      -237.94313
                   3.421                      -237.95189
                   3.428                       -237.9171
                   3.435                      -237.83706
                   3.442                      -237.71245
                   3.449                       -237.5463
                   3.456                      -237.34356
                   3.463                      -237.11051
                    3.47                      -236.85418
                   3.477                       -236.5817
                   3.484                      -236.29991
                   3.491                        -236.015
                   3.498                      -235.73239
                   3.505                      -235.45665
                   3.512                      -235.19158
                   3.519                      -234.94021
                   3.526                      -234.70497
                   3.533                      -234.48774
                    3.54                      -234.28995
                   3.547                      -234.11268
                   3.554                      -233.95672
                   3.561                      -233.82261
                   3.568                      -233.71073
                   3.575                       -233.6213
                   3.582                       -233.5544
                   3.589                      -233.51004
                   3.596                      -233.48811
                   3.603                      -233.48841
                    3.61                      -233.51068
                   3.617                      -233.55456
                   3.624                      -233.61956
                   3.631                      -233.70511
                   3.638                      -233.81048
                   3.645                      -233.93477
                   3.652                       -234.0769
                   3.659                      -234.23554
                   3.666                       -234.4091
                   3.673                      -234.59567
                    3.68                      -234.79297
                   3.687                      -234.99836
                   3.694                      -235.20875
                   3.701                      -235.42067
                   3.708                      -235.63024
                   3.715                       -235.8333
                   3.722                      -236.02549
                   3.729                      -236.20246
                   3.736                      -236.36012
                   3.743                      -236.49485
                    3.75                      -236.60385
                   3.757                      -236.68529
                   3.764                      -236.73854
                   3.771                      -236.76418
                   3.778                      -236.76395
                   3.785                      -236.74061
                   3.792                      -236.69765
                   3.799                      -236.63905
                   3.806                      -236.56902
                   3.813                      -236.49171
                    3.82                      -236.41109
                   3.827                      -236.33077
                   3.834                      -236.25395
                   3.841                      -236.18336
                   3.848                      -236.12129
                   3.855                      -236.06956
                   3.862                      -236.02959
                   3.869                      -236.00239
                   3.876                      -235.98863
                   3.883                      -235.98868
                    3.89                      -236.00258
                   3.897                      -236.03013
                   3.904                      -236.07089
                   3.911                      -236.12418
                   3.918                      -236.18914
                   3.925                      -236.26469
                   3.932                      -236.34964
                   3.939                      -236.44261
                   3.946                      -236.54217
                   3.953                       -236.6468
                    3.96                      -236.75498
                   3.967                      -236.86523
                   3.974                      -236.97618
                   3.981                      -237.08664
                   3.988                      -237.19566
                   3.995                      -237.30259
                   4.002                      -237.40715
                   4.009                      -237.50946
                   4.016                      -237.61005
                   4.023                       -237.7099
                    4.03                       -237.8104
                   4.037                      -237.91335
                   4.044                      -238.02087
                   4.051                      -238.13544
                   4.058                      -238.25979
                   4.065                      -238.39688
                   4.072                      -238.54988
                   4.079                       -238.7222
                   4.086                      -238.91741
                   4.093                      -239.13936
                     4.1                      -239.39218
                   4.107                      -239.68036
                   4.114                      -240.00894
                   4.121                       -240.3836
                   4.128                      -240.81096
                   4.135                      -241.29888
                   4.142                      -241.85696
                   4.149                      -242.49727
                   4.156                      -243.23539
                   4.163                      -244.09217
                    4.17                      -245.09656
                   4.177                      -246.29065
                   4.184                      -247.73938
                   4.191                      -249.55094
                   4.198                        -251.927
                   4.205                      -255.31584
                   4.212                      -261.11225
                   4.219                      -279.88101
                   4.226                      -261.42885
                   4.233                      -255.30429
                    4.24                       -251.7284
                   4.247                      -249.20119
                   4.254                      -247.25281
                   4.261                      -245.67434
                   4.268                      -244.35446
                   4.275                      -243.22669
                   4.282                      -242.24808
                   4.289                       -241.3892
                   4.296                      -240.62893
                   4.303                      -239.95156
                    4.31                      -239.34498
                   4.317                      -238.79962
                   4.324                      -238.30773
                   4.331                      -237.86285
                   4.338                      -237.45951
                   4.345                      -237.09297
                   4.352                      -236.75903
                   4.359                       -236.4539
                   4.366                      -236.17415
                   4.373                      -235.91656
                    4.38                      -235.67815
                   4.387                       -235.4561
                   4.394                      -235.24777
                   4.401                      -235.05066
                   4.408                      -234.86244
                   4.415                      -234.68096
                   4.422                      -234.50428
                   4.429                      -234.33068
                   4.436                      -234.15871
                   4.443                      -233.98718
                    4.45                      -233.81521
                   4.457                      -233.64221
                   4.464                      -233.46793
                   4.471                      -233.29237
                   4.478                      -233.11583
                   4.485                      -232.93887
                   4.492                      -232.76223
                   4.499                      -232.58685
                   4.506                      -232.41378
                   4.513                      -232.24417
                    4.52                      -232.07924
                   4.527                       -231.9202
                   4.534                      -231.76827
                   4.541                      -231.62465
                   4.548                      -231.49048
                   4.555                      -231.36685
                   4.562                      -231.25479
                   4.569                      -231.15526
                   4.576                      -231.06914
                   4.583                      -230.99726
                    4.59                      -230.94039
                   4.597                      -230.89923
                   4.604                      -230.87444
                   4.611                       -230.8666
                   4.618                      -230.87629
                   4.625                      -230.90402
                   4.632                      -230.95026
                   4.639                      -231.01547
                   4.646                      -231.10005
                   4.653                      -231.20439
                    4.66                      -231.32879
                   4.667                      -231.47356
                   4.674                      -231.63892
                   4.681                      -231.82501
                   4.688                      -232.03189
                   4.695                      -232.25948
                   4.702                      -232.50754
                   4.709                      -232.77562
                   4.716                      -233.06297
                   4.723                      -233.36849
                    4.73                      -233.69059
                   4.737                       -234.0271
                   4.744                      -234.37512
                   4.751                      -234.73083
                   4.758                      -235.08939
                   4.765                      -235.44478
                   4.772                      -235.78976
                   4.779                      -236.11598
                   4.786                      -236.41425
                   4.793                      -236.67509
                     4.8                      -236.88951
                   4.807                         -237.05
                   4.814                       -237.1515
                   4.821                       -237.1921
                   4.828                       -237.1733
                   4.835                      -237.09978
                   4.842                      -236.97862
                   4.849                      -236.81838
                   4.856                       -236.6281
                   4.863                       -236.4165
                    4.87                      -236.19143
                   4.877                      -235.95956
                   4.884                      -235.72632
                   4.891                       -235.4959
                   4.898                       -235.2714
                   4.905                      -235.05495
                   4.912                      -234.84789
                   4.919                      -234.65089
                   4.926                      -234.46409
                   4.933                       -234.2872
                    4.94                      -234.11959
                   4.947                      -233.96037
                   4.954                      -233.80847
                   4.961                      -233.66268
                   4.968                      -233.52169
                   4.975                      -233.38417
                   4.982                      -233.24882
                   4.989                      -233.11437
                   4.996                      -232.97966
                   5.003                      -232.84367
                    5.01                      -232.70554
                   5.017                      -232.56459
                   5.024                      -232.42036
                   5.031                       -232.2726
                   5.038                      -232.12127
                   5.045                      -231.96654
                   5.052                      -231.80875
                   5.059                      -231.64841
                   5.066                      -231.48617
                   5.073                      -231.32276
                    5.08                      -231.15902
                   5.087                      -230.99579
                   5.094                      -230.83396
                   5.101                       -230.6744
                   5.108                      -230.51794
                   5.115                      -230.36538
                   5.122                      -230.21747
                   5.129                      -230.07488
                   5.136                      -229.93823
                   5.143                      -229.80805
                    5.15                      -229.68481
                   5.157                      -229.56891
                   5.164                      -229.46069
                   5.171                      -229.36041
                   5.178                       -229.2683
                   5.185                       -229.1845
                   5.192                      -229.10915
                   5.199                       -229.0423
                   5.206                        -228.984
                   5.213                      -228.93425
                    5.22                      -228.89303
                   5.227                      -228.86029
                   5.234                      -228.83598
                   5.241                      -228.82002
                   5.248                      -228.81233
                   5.255                      -228.81281
                   5.262                      -228.82137
                   5.269                      -228.83792
                   5.276                      -228.86236
                   5.283                      -228.89461
                    5.29                      -228.93457
                   5.297                      -228.98216
                   5.304                       -229.0373
                   5.311                      -229.09991
                   5.318                      -229.16991
                   5.325                      -229.24719
                   5.332                      -229.33167
                   5.339                      -229.42323
                   5.346                      -229.52172
                   5.353                      -229.62696
                    5.36                      -229.73874
                   5.367                      -229.85676
                   5.374                      -229.98068
                   5.381                      -230.11006
                   5.388                      -230.24433
                   5.395                      -230.38284
                   5.402                      -230.52476
                   5.409                      -230.66912
                   5.416                      -230.81474
                   5.423                      -230.96027
                    5.43                      -231.10415
                   5.437                      -231.24462
                   5.444                       -231.3797
                   5.451                      -231.50728
                   5.458                      -231.62509
                   5.465                       -231.7308
                   5.472                      -231.82213
                   5.479                      -231.89686
                   5.486                      -231.95304
                   5.493                      -231.98904
                     5.5                      -232.00368
                   5.507                      -231.99628
                   5.514                      -231.96679
                   5.521                      -231.91572
                   5.528                      -231.84417
                   5.535                      -231.75376
                   5.542                      -231.64653
                   5.549                      -231.52482
                   5.556                       -231.3912
                   5.563                      -231.24832
                    5.57                      -231.09882
                   5.577                      -230.94527
                   5.584                      -230.79011
                   5.591                      -230.63558
                   5.598                      -230.48372
                   5.605                      -230.33637
                   5.612                      -230.19514
                   5.619                      -230.06145
                   5.626                      -229.93652
                   5.633                      -229.82141
                    5.64                      -229.71701
                   5.647                      -229.62408
                   5.654                      -229.54324
                   5.661                      -229.47502
                   5.668                      -229.41986
                   5.675                      -229.37809
                   5.682                      -229.35001
                   5.689                      -229.33582
                   5.696                      -229.33569
                   5.703                      -229.34972
                    5.71                      -229.37798
                   5.717                       -229.4205
                   5.724                      -229.47727
                   5.731                      -229.54822
                   5.738                      -229.63328
                   5.745                       -229.7323
                   5.752                      -229.84511
                   5.759                       -229.9715
                   5.766                      -230.11119
                   5.773                      -230.26388
                    5.78                      -230.42916
                   5.787                       -230.6066
                   5.794                      -230.79568
                   5.801                      -230.99578
                   5.808                      -231.20622
                   5.815                      -231.42619
                   5.822                      -231.65479
                   5.829                      -231.89101
                   5.836                      -232.13369
                   5.843                      -232.38156
                    5.85                      -232.63324
                   5.857                      -232.88721
                   5.864                      -233.14183
                   5.871                      -233.39538
                   5.878                      -233.64607
                   5.885                      -233.89207
                   5.892                      -234.13155
                   5.899                      -234.36272
                   5.906                      -234.58392
                   5.913                      -234.79363
                    5.92                      -234.99054
                   5.927                      -235.17359
                   5.934                      -235.34202
                   5.941                      -235.49536
                   5.948                      -235.63349
                   5.955                      -235.75654
                   5.962                      -235.86494
                   5.969                      -235.95936
                   5.976                      -236.04064
                   5.983                      -236.10976
                    5.99                      -236.16779
                   5.997                      -236.21581
                   6.004                      -236.25493
                   6.011                      -236.28621
                   6.018                      -236.31065
                   6.025                      -236.32919
                   6.032                      -236.34269
                   6.039                      -236.35195
                   6.046                      -236.35769
                   6.053                      -236.36059
                    6.06                      -236.36128
                   6.067                      -236.36039
                   6.074                       -236.3585
                   6.081                      -236.35624
                   6.088                      -236.35421
                   6.095                      -236.35307
                   6.102                      -236.35349
                   6.109                      -236.35617
                   6.116                      -236.36186
                   6.123                      -236.37133
                    6.13                      -236.38539
                   6.137                      -236.40488
                   6.144                      -236.43064
                   6.151                      -236.46354
                   6.158                      -236.50446
                   6.165                      -236.55428
                   6.172                      -236.61387
                   6.179                       -236.6841
                   6.186                      -236.76581
                   6.193                      -236.85983
                     6.2                      -236.96696
                   6.207                      -237.08798
                   6.214                      -237.22361
                   6.221                      -237.37455
                   6.228                      -237.54142
                   6.235                       -237.7248
                   6.242                      -237.92518
                   6.249                      -238.14295
                   6.256                      -238.37839
                   6.263                      -238.63162
                    6.27                      -238.90256
                   6.277                      -239.19089
                   6.284                      -239.49597
                   6.291                      -239.81676
                   6.298                      -240.15172
                   6.305                      -240.49868
                   6.312                      -240.85474
                   6.319                      -241.21605
                   6.326                      -241.57779
                   6.333                      -241.93398
                    6.34                      -242.27756
                   6.347                      -242.60049
                   6.354                      -242.89409
                   6.361                      -243.14968
                   6.368                      -243.35929
                   6.375                      -243.51661
                   6.382                      -243.61782
                   6.389                      -243.66216
                   6.396                      -243.65204
                   6.403                      -243.59269
                    6.41                      -243.49147
                   6.417                      -243.35691
                   6.424                      -243.19791
                   6.431                      -243.02302
                   6.438                      -242.83995
                   6.445                      -242.65538
                   6.452                      -242.47486
                   6.459                      -242.30284
                   6.466                      -242.14284
                   6.473                      -241.99753
                    6.48                       -241.8689
                   6.487                      -241.75839
                   6.494                      -241.66697
                   6.501                      -241.59527
                   6.508                      -241.54366
                   6.515                      -241.51226
                   6.522                      -241.50103
                   6.529                      -241.50981
                   6.536                      -241.53832
                   6.543                      -241.58617
                    6.55                      -241.65294
                   6.557                      -241.73812
                   6.564                      -241.84115
                   6.571                      -241.96143
                   6.578                      -242.09833
                   6.585                      -242.25116
                   6.592                      -242.41922
                   6.599                      -242.60179
                   6.606                      -242.79812
                   6.613                      -243.00746
                    6.62                      -243.22905
                   6.627                      -243.46216
                   6.634                      -243.70607
                   6.641                      -243.96012
                   6.648                      -244.22368
                   6.655                       -244.4962
                   6.662                      -244.77719
                   6.669                      -245.06627
                   6.676                      -245.36311
                   6.683                      -245.66746
                    6.69                      -245.97913
                   6.697                       -246.2979
                   6.704                      -246.62355
                   6.711                      -246.95568
                   6.718                      -247.29367
                   6.725                      -247.63649
                   6.732                      -247.98252
                   6.739                      -248.32932
                   6.746                      -248.67339
                   6.753                      -249.00983
                    6.76                      -249.33213
                   6.767                      -249.63197
                   6.774                      -249.89925
                   6.781                      -250.12249
                   6.788                      -250.28958
                   6.795                      -250.38919
                   6.802                      -250.41229
                   6.809                      -250.35383
                   6.816                      -250.21373
                   6.823                      -249.99704
                    6.83                      -249.71308
                   6.837                      -249.37398
                   6.844                      -248.99295
                   6.851                      -248.58294
                   6.858                      -248.15559
                   6.865                       -247.7208
                   6.872                       -247.2866
                   6.879                      -246.85926
                   6.886                      -246.44351
                   6.893                      -246.04283
                     6.9                      -245.65971
                   6.907                      -245.29581
                   6.914                      -244.95226
                   6.921                      -244.62968
                   6.928                       -244.3284
                   6.935                      -244.04847
                   6.942                      -243.78979
                   6.949                      -243.55211
                   6.956                      -243.33508
                   6.963                       -243.1383
                    6.97                       -242.9613
                   6.977                       -242.8036
                   6.984                      -242.66467
                   6.991                      -242.54397
                   6.998                      -242.44096
                   7.005                      -242.35506
                   7.012                       -242.2857
                   7.019                       -242.2323
                   7.026                      -242.19426
                   7.033                      -242.17097
                    7.04                      -242.16183
                   7.047                      -242.16621
                   7.054                      -242.18347
                   7.061                      -242.21297
                   7.068                      -242.25404
                   7.075                      -242.30604
                   7.082                      -242.36828
                   7.089                       -242.4401
                   7.096                      -242.52083
                   7.103                      -242.60978
                    7.11                       -242.7063
                   7.117                      -242.80974
                   7.124                      -242.91947
                   7.131                      -243.03488
                   7.138                      -243.15542
                   7.145                      -243.28054
                   7.152                      -243.40976
                   7.159                      -243.54263
                   7.166                      -243.67878
                   7.173                      -243.81787
                    7.18                      -243.95963
                   7.187                      -244.10384
                   7.194                      -244.25034
                   7.201                      -244.39901
                   7.208                      -244.54976
                   7.215                      -244.70256
                   7.222                      -244.85736
                   7.229                      -245.01414
                   7.236                      -245.17287
                   7.243                      -245.33349
                    7.25                      -245.49591
                   7.257                      -245.65998
                   7.264                      -245.82549
                   7.271                      -245.99215
                   7.278                      -246.15957
                   7.285                      -246.32727
                   7.292                      -246.49467
                   7.299                      -246.66107
                   7.306                      -246.82569
                   7.313                      -246.98765
                    7.32                      -247.14602
                   7.327                       -247.2998
                   7.334                      -247.44801
                   7.341                      -247.58965
                   7.348                      -247.72384
                   7.355                      -247.84978
                   7.362                      -247.96684
                   7.369                       -248.0746
                   7.376                      -248.17285
                   7.383                      -248.26168
                    7.39                      -248.34144
                   7.397                      -248.41273
                   7.404                      -248.47647
                   7.411                      -248.53377
                   7.418                      -248.58597
                   7.425                      -248.63457
                   7.432                      -248.68122
                   7.439                       -248.7276
                   7.446                      -248.77548
                   7.453                      -248.82661
                    7.46                       -248.8827
                   7.467                      -248.94544
                   7.474                      -249.01643
                   7.481                      -249.09717
                   7.488                      -249.18908
                   7.495                      -249.29348
                   7.502                      -249.41158
                   7.509                      -249.54446
                   7.516                      -249.69308
                   7.523                      -249.85828
                    7.53                      -250.04074
                   7.537                      -250.24098
                   7.544                      -250.45931
                   7.551                       -250.6958
                   7.558                      -250.95019
                   7.565                      -251.22187
                   7.572                      -251.50969
                   7.579                      -251.81191
                   7.586                      -252.12597
                   7.593                      -252.44833
                     7.6                      -252.77428
                   7.607                      -253.09769
                   7.614                      -253.41093
                   7.621                      -253.70482
                   7.628                      -253.96891
                   7.635                      -254.19194
                   7.642                      -254.36283
                   7.649                      -254.47186
                   7.656                      -254.51199
                   7.663                         -254.48
                    7.67                      -254.37695
                   7.677                      -254.20797
                   7.684                      -253.98136
                   7.691                      -253.70733
                   7.698                      -253.39663
                   7.705                       -253.0596
                   7.712                      -252.70537
                   7.719                      -252.34165
                   7.726                      -251.97452
                   7.733                      -251.60866
                    7.74                      -251.24742
                   7.747                      -250.89311
                   7.754                      -250.54716
                   7.761                      -250.21033
                   7.768                      -249.88284
                   7.775                      -249.56453
                   7.782                      -249.25494
                   7.789                      -248.95339
                   7.796                      -248.65909
                   7.803                      -248.37116
                    7.81                      -248.08868
                   7.817                      -247.81077
                   7.824                      -247.53656
                   7.831                      -247.26528
                   7.838                      -246.99624
                   7.845                      -246.72887
                   7.852                      -246.46273
                   7.859                      -246.19751
                   7.866                      -245.93304
                   7.873                      -245.66929
                    7.88                      -245.40636
                   7.887                      -245.14446
                   7.894                      -244.88392
                   7.901                      -244.62515
                   7.908                      -244.36865
                   7.915                      -244.11498
                   7.922                      -243.86472
                   7.929                      -243.61852
                   7.936                        -243.377
                   7.943                      -243.14082
                    7.95                      -242.91059
                   7.957                      -242.68694
                   7.964                      -242.47044
                   7.971                      -242.26166
                   7.978                      -242.06111
                   7.985                      -241.86926
                   7.992                      -241.68656
                   7.999                      -241.51339
                   8.006                      -241.35011
                   8.013                      -241.19701
                    8.02                      -241.05437
                   8.027                      -240.92238
                   8.034                      -240.80123
                   8.041                      -240.69104
                   8.048                      -240.59187
                   8.055                      -240.50376
                   8.062                      -240.42667
                   8.069                      -240.36054
                   8.076                      -240.30522
                   8.083                      -240.26051
                    8.09                      -240.22614
                   8.097                      -240.20177
                   8.104                      -240.18699
                   8.111                      -240.18128
                   8.118                      -240.18406
                   8.125                      -240.19461
                   8.132                      -240.21213
                   8.139                      -240.23571
                   8.146                      -240.26432
                   8.153                       -240.2968
                    8.16                      -240.33188
                   8.167                      -240.36821
                   8.174                      -240.40432
                   8.181                      -240.43867
                   8.188                      -240.46967
                   8.195                      -240.49575
                   8.202                      -240.51533
                   8.209                      -240.52695
                   8.216                      -240.52925
                   8.223                      -240.52107
                    8.23                       -240.5015
                   8.237                      -240.46987
                   8.244                      -240.42585
                   8.251                      -240.36942
                   8.258                      -240.30088
                   8.265                      -240.22083
                   8.272                      -240.13016
                   8.279                      -240.02999
                   8.286                      -239.92163
                   8.293                      -239.80652
                     8.3                      -239.68617
                   8.307                      -239.56215
                   8.314                        -239.436
                   8.321                       -239.3092
                   8.328                      -239.18319
                   8.335                      -239.05928
                   8.342                      -238.93868
                   8.349                      -238.82249
                   8.356                      -238.71168
                   8.363                       -238.6071
                    8.37                      -238.50948
                   8.377                      -238.41944
                   8.384                      -238.33749
                   8.391                      -238.26403
                   8.398                      -238.19938
                   8.405                      -238.14376
                   8.412                      -238.09732
                   8.419                      -238.06013
                   8.426                      -238.03218
                   8.433                       -238.0134
                    8.44                      -238.00367
                   8.447                      -238.00279
                   8.454                      -238.01052
                   8.461                      -238.02658
                   8.468                       -238.0506
                   8.475                      -238.08223
                   8.482                      -238.12102
                   8.489                      -238.16653
                   8.496                      -238.21827
                   8.503                      -238.27573
                    8.51                      -238.33838
                   8.517                      -238.40568
                   8.524                      -238.47709
                   8.531                      -238.55209
                   8.538                      -238.63016
                   8.545                      -238.71082
                   8.552                      -238.79361
                   8.559                      -238.87813
                   8.566                      -238.96404
                   8.573                      -239.05106
                    8.58                      -239.13898
                   8.587                      -239.22766
                   8.594                      -239.31706
                   8.601                       -239.4072
                   8.608                      -239.49819
                   8.615                      -239.59021
                   8.622                       -239.6835
                   8.629                      -239.77837
                   8.636                      -239.87517
                   8.643                      -239.97427
                    8.65                      -240.07607
                   8.657                      -240.18097
                   8.664                      -240.28936
                   8.671                      -240.40157
                   8.678                       -240.5179
                   8.685                      -240.63857
                   8.692                      -240.76371
                   8.699                      -240.89332
                   8.706                      -241.02728
                   8.713                      -241.16531
                    8.72                      -241.30697
                   8.727                       -241.4516
                   8.734                      -241.59835
                   8.741                      -241.74613
                   8.748                      -241.89363
                   8.755                       -242.0393
                   8.762                      -242.18137
                   8.769                       -242.3179
                   8.776                      -242.44676
                   8.783                      -242.56577
                    8.79                      -242.67272
                   8.797                       -242.7655
                   8.804                       -242.8422
                   8.811                      -242.90121
                   8.818                      -242.94135
                   8.825                      -242.96196
                   8.832                       -242.9629
                   8.839                      -242.94466
                   8.846                      -242.90827
                   8.853                      -242.85527
                    8.86                      -242.78763
                   8.867                      -242.70765
                   8.874                      -242.61782
                   8.881                      -242.52076
                   8.888                      -242.41908
                   8.895                      -242.31532
                   8.902                      -242.21192
                   8.909                       -242.1111
                   8.916                      -242.01492
                   8.923                      -241.92522
                    8.93                      -241.84362
                   8.937                      -241.77154
                   8.944                      -241.71023
                   8.951                      -241.66072
                   8.958                      -241.62391
                   8.965                      -241.60053
                   8.972                      -241.59119
                   8.979                      -241.59635
                   8.986                      -241.61638
                   8.993                      -241.65152
                       9                      -241.70192

