        Frequency / GHz                voltage1_1_1_1 [1]/abs,dB
----------------------------------------------------------------------
                       2                      -231.91085
                   2.007                      -231.85524
                   2.014                      -231.80948
                   2.021                      -231.77426
                   2.028                       -231.7502
                   2.035                      -231.73789
                   2.042                      -231.73788
                   2.049                      -231.75069
                   2.056                      -231.77681
                   2.063                       -231.8167
                    2.07                      -231.87082
                   2.077                      -231.93956
                   2.084                      -232.02333
                   2.091                       -232.1225
                   2.098                      -232.23743
                   2.105                      -232.36845
                   2.112                      -232.51586
                   2.119                      -232.67994
                   2.126                      -232.86093
                   2.133                      -233.05903
                    2.14                      -233.27436
                   2.147                        -233.507
                   2.154                      -233.75692
                   2.161                      -234.02396
                   2.168                      -234.30781
                   2.175                      -234.60799
                   2.182                      -234.92374
                   2.189                      -235.25401
                   2.196                      -235.59734
                   2.203                      -235.95183
                    2.21                      -236.31499
                   2.217                      -236.68371
                   2.224                      -237.05409
                   2.231                      -237.42146
                   2.238                      -237.78032
                   2.245                      -238.12446
                   2.252                      -238.44712
                   2.259                      -238.74135
                   2.266                      -239.00048
                   2.273                      -239.21873
                    2.28                      -239.39175
                   2.287                       -239.5172
                   2.294                        -239.595
                   2.301                      -239.62734
                   2.308                      -239.61839
                   2.315                       -239.5738
                   2.322                      -239.50011
                   2.329                      -239.40412
                   2.336                      -239.29243
                   2.343                      -239.17108
                    2.35                      -239.04534
                   2.357                      -238.91964
                   2.364                      -238.79754
                   2.371                       -238.6818
                   2.378                      -238.57444
                   2.385                      -238.47686
                   2.392                      -238.38987
                   2.399                      -238.31385
                   2.406                      -238.24873
                   2.413                      -238.19414
                    2.42                       -238.1494
                   2.427                      -238.11357
                   2.434                      -238.08553
                   2.441                      -238.06399
                   2.448                      -238.04754
                   2.455                      -238.03468
                   2.462                      -238.02388
                   2.469                      -238.01363
                   2.476                      -238.00248
                   2.483                      -237.98908
                    2.49                      -237.97227
                   2.497                      -237.95106
                   2.504                      -237.92474
                   2.511                      -237.89285
                   2.518                      -237.85523
                   2.525                      -237.81202
                   2.532                      -237.76362
                   2.539                       -237.7107
                   2.546                      -237.65414
                   2.553                      -237.59502
                    2.56                      -237.53455
                   2.567                      -237.47401
                   2.574                      -237.41476
                   2.581                      -237.35814
                   2.588                      -237.30549
                   2.595                      -237.25808
                   2.602                      -237.21712
                   2.609                      -237.18372
                   2.616                       -237.1589
                   2.623                      -237.14357
                    2.63                      -237.13854
                   2.637                       -237.1445
                   2.644                      -237.16206
                   2.651                       -237.1917
                   2.658                      -237.23383
                   2.665                      -237.28876
                   2.672                      -237.35671
                   2.679                       -237.4378
                   2.686                       -237.5321
                   2.693                      -237.63959
                     2.7                      -237.76017
                   2.707                      -237.89367
                   2.714                      -238.03986
                   2.721                      -238.19844
                   2.728                      -238.36906
                   2.735                      -238.55129
                   2.742                      -238.74467
                   2.749                      -238.94868
                   2.756                      -239.16277
                   2.763                      -239.38634
                    2.77                      -239.61879
                   2.777                      -239.85953
                   2.784                      -240.10793
                   2.791                      -240.36341
                   2.798                      -240.62545
                   2.805                      -240.89354
                   2.812                      -241.16727
                   2.819                       -241.4463
                   2.826                      -241.73038
                   2.833                      -242.01936
                    2.84                      -242.31318
                   2.847                      -242.61183
                   2.854                      -242.91541
                   2.861                      -243.22398
                   2.868                      -243.53763
                   2.875                      -243.85634
                   2.882                      -244.17995
                   2.889                      -244.50805
                   2.896                      -244.83989
                   2.903                      -245.17428
                    2.91                      -245.50944
                   2.917                      -245.84289
                   2.924                      -246.17134
                   2.931                      -246.49063
                   2.938                      -246.79571
                   2.945                      -247.08075
                   2.952                      -247.33939
                   2.959                       -247.5651
                   2.966                       -247.7518
                   2.973                      -247.89445
                    2.98                      -247.98974
                   2.987                      -248.03653
                   2.994                      -248.03611
                   3.001                      -247.99204
                   3.008                      -247.90971
                   3.015                      -247.79574
                   3.022                      -247.65726
                   3.029                      -247.50126
                   3.036                       -247.3341
                   3.043                      -247.16116
                    3.05                      -246.98658
                   3.057                      -246.81319
                   3.064                      -246.64248
                   3.071                      -246.47457
                   3.078                      -246.30827
                   3.085                      -246.14115
                   3.092                      -245.96961
                   3.099                      -245.78909
                   3.106                      -245.59427
                   3.113                      -245.37944
                    3.12                      -245.13893
                   3.127                      -244.86765
                   3.134                       -244.5616
                   3.141                      -244.21835
                   3.148                      -243.83734
                   3.155                      -243.41995
                   3.162                      -242.96934
                   3.169                      -242.49006
                   3.176                      -241.98761
                   3.183                      -241.46795
                    3.19                        -240.937
                   3.197                      -240.40041
                   3.204                      -239.86324
                   3.211                      -239.32992
                   3.218                      -238.80417
                   3.225                      -238.28906
                   3.232                      -237.78705
                   3.239                      -237.30008
                   3.246                      -236.82962
                   3.253                      -236.37677
                    3.26                      -235.94234
                   3.267                      -235.52687
                   3.274                      -235.13072
                   3.281                      -234.75408
                   3.288                      -234.39704
                   3.295                      -234.05959
                   3.302                      -233.74165
                   3.309                      -233.44309
                   3.316                      -233.16374
                   3.323                       -232.9034
                    3.33                      -232.66187
                   3.337                      -232.43893
                   3.344                      -232.23435
                   3.351                      -232.04789
                   3.358                      -231.87932
                   3.365                      -231.72843
                   3.372                      -231.59498
                   3.379                      -231.47874
                   3.386                      -231.37951
                   3.393                      -231.29706
                     3.4                      -231.23118
                   3.407                      -231.18165
                   3.414                      -231.14825
                   3.421                      -231.13077
                   3.428                      -231.12898
                   3.435                      -231.14263
                   3.442                      -231.17148
                   3.449                      -231.21525
                   3.456                      -231.27366
                   3.463                      -231.34638
                    3.47                      -231.43306
                   3.477                      -231.53329
                   3.484                      -231.64662
                   3.491                      -231.77255
                   3.498                       -231.9105
                   3.505                       -232.0598
                   3.512                       -232.2197
                   3.519                      -232.38934
                   3.526                      -232.56774
                   3.533                       -232.7538
                    3.54                      -232.94626
                   3.547                      -233.14372
                   3.554                      -233.34462
                   3.561                      -233.54724
                   3.568                      -233.74972
                   3.575                      -233.95005
                   3.582                       -234.1461
                   3.589                      -234.33569
                   3.596                       -234.5166
                   3.603                      -234.68664
                    3.61                      -234.84373
                   3.617                      -234.98599
                   3.624                      -235.11178
                   3.631                      -235.21981
                   3.638                      -235.30916
                   3.645                      -235.37935
                   3.652                      -235.43035
                   3.659                      -235.46254
                   3.666                      -235.47671
                   3.673                      -235.47398
                    3.68                      -235.45575
                   3.687                      -235.42359
                   3.694                      -235.37923
                   3.701                      -235.32441
                   3.708                      -235.26088
                   3.715                      -235.19035
                   3.722                       -235.1144
                   3.729                      -235.03452
                   3.736                      -234.95209
                   3.743                      -234.86832
                    3.75                      -234.78432
                   3.757                      -234.70107
                   3.764                      -234.61944
                   3.771                      -234.54022
                   3.778                       -234.4641
                   3.785                      -234.39169
                   3.792                      -234.32358
                   3.799                      -234.26027
                   3.806                      -234.20225
                   3.813                      -234.14998
                    3.82                      -234.10389
                   3.827                       -234.0644
                   3.834                      -234.03192
                   3.841                      -234.00686
                   3.848                       -233.9896
                   3.855                      -233.98055
                   3.862                      -233.98008
                   3.869                      -233.98859
                   3.876                      -234.00644
                   3.883                        -234.034
                    3.89                      -234.07164
                   3.897                      -234.11969
                   3.904                      -234.17848
                   3.911                      -234.24832
                   3.918                      -234.32949
                   3.925                      -234.42223
                   3.932                      -234.52675
                   3.939                      -234.64323
                   3.946                      -234.77175
                   3.953                      -234.91237
                    3.96                      -235.06506
                   3.967                      -235.22968
                   3.974                      -235.40599
                   3.981                      -235.59363
                   3.988                      -235.79209
                   3.995                      -236.00067
                   4.002                      -236.21847
                   4.009                      -236.44438
                   4.016                      -236.67702
                   4.023                      -236.91473
                    4.03                      -237.15555
                   4.037                      -237.39722
                   4.044                      -237.63718
                   4.051                      -237.87257
                   4.058                      -238.10033
                   4.065                      -238.31726
                   4.072                      -238.52016
                   4.079                      -238.70593
                   4.086                      -238.87182
                   4.093                      -239.01554
                     4.1                      -239.13545
                   4.107                      -239.23069
                   4.114                      -239.30127
                   4.121                      -239.34801
                   4.128                      -239.37253
                   4.135                      -239.37712
                   4.142                      -239.36454
                   4.149                      -239.33789
                   4.156                      -239.30037
                   4.163                      -239.25518
                    4.17                      -239.20534
                   4.177                      -239.15364
                   4.184                      -239.10253
                   4.191                      -239.05411
                   4.198                      -239.01009
                   4.205                      -238.97181
                   4.212                      -238.94022
                   4.219                      -238.91591
                   4.226                      -238.89911
                   4.233                      -238.88972
                    4.24                      -238.88728
                   4.247                      -238.89105
                   4.254                      -238.89996
                   4.261                      -238.91266
                   4.268                      -238.92752
                   4.275                       -238.9427
                   4.282                      -238.95614
                   4.289                      -238.96563
                   4.296                      -238.96888
                   4.303                       -238.9636
                    4.31                      -238.94761
                   4.317                       -238.9189
                   4.324                      -238.87575
                   4.331                      -238.81685
                   4.338                      -238.74132
                   4.345                      -238.64882
                   4.352                       -238.5395
                   4.359                      -238.41406
                   4.366                      -238.27362
                   4.373                      -238.11973
                    4.38                       -237.9542
                   4.387                      -237.77908
                   4.394                       -237.5965
                   4.401                      -237.40863
                   4.408                       -237.2176
                   4.415                      -237.02544
                   4.422                      -236.83404
                   4.429                      -236.64512
                   4.436                      -236.46023
                   4.443                      -236.28077
                    4.45                      -236.10793
                   4.457                      -235.94275
                   4.464                      -235.78615
                   4.471                       -235.6389
                   4.478                      -235.50163
                   4.485                      -235.37492
                   4.492                      -235.25923
                   4.499                      -235.15495
                   4.506                      -235.06242
                   4.513                      -234.98195
                    4.52                      -234.91377
                   4.527                      -234.85811
                   4.534                      -234.81518
                   4.541                      -234.78516
                   4.548                      -234.76823
                   4.555                      -234.76456
                   4.562                      -234.77432
                   4.569                      -234.79769
                   4.576                      -234.83483
                   4.583                      -234.88592
                    4.59                      -234.95115
                   4.597                      -235.03068
                   4.604                      -235.12469
                   4.611                      -235.23337
                   4.618                      -235.35687
                   4.625                      -235.49533
                   4.632                      -235.64889
                   4.639                       -235.8176
                   4.646                      -236.00151
                   4.653                      -236.20055
                    4.66                      -236.41458
                   4.667                      -236.64332
                   4.674                      -236.88631
                   4.681                       -237.1429
                   4.688                      -237.41216
                   4.695                      -237.69282
                   4.702                      -237.98324
                   4.709                      -238.28127
                   4.716                      -238.58423
                   4.723                      -238.88881
                    4.73                      -239.19102
                   4.737                      -239.48622
                   4.744                      -239.76914
                   4.751                      -240.03405
                   4.758                      -240.27503
                   4.765                      -240.48632
                   4.772                      -240.66278
                   4.779                       -240.8004
                   4.786                      -240.89672
                   4.793                      -240.95117
                     4.8                      -240.96512
                   4.807                      -240.94176
                   4.814                      -240.88575
                   4.821                      -240.80278
                   4.828                      -240.69904
                   4.835                       -240.5808
                   4.842                      -240.45403
                   4.849                      -240.32415
                   4.856                      -240.19592
                   4.863                      -240.07333
                    4.87                      -239.95964
                   4.877                      -239.85741
                   4.884                      -239.76851
                   4.891                      -239.69418
                   4.898                      -239.63509
                   4.905                      -239.59133
                   4.912                      -239.56245
                   4.919                      -239.54741
                   4.926                      -239.54461
                   4.933                      -239.55181
                    4.94                      -239.56613
                   4.947                        -239.584
                   4.954                      -239.60119
                   4.961                      -239.61283
                   4.968                      -239.61353
                   4.975                      -239.59757
                   4.982                      -239.55917
                   4.989                      -239.49293
                   4.996                      -239.39419
                   5.003                      -239.25946
                    5.01                      -239.08683
                   5.017                      -238.87608
                   5.024                      -238.62875
                   5.031                      -238.34792
                   5.038                      -238.03789
                   5.045                      -237.70374
                   5.052                      -237.35091
                   5.059                      -236.98484
                   5.066                      -236.61069
                   5.073                      -236.23311
                    5.08                      -235.85621
                   5.087                      -235.48347
                   5.094                      -235.11777
                   5.101                      -234.76145
                   5.108                      -234.41638
                   5.115                      -234.08399
                   5.122                      -233.76539
                   5.129                      -233.46136
                   5.136                      -233.17247
                   5.143                       -232.8991
                    5.15                      -232.64145
                   5.157                      -232.39962
                   5.164                      -232.17361
                   5.171                      -231.96333
                   5.178                      -231.76866
                   5.185                      -231.58941
                   5.192                      -231.42537
                   5.199                      -231.27629
                   5.206                       -231.1419
                   5.213                      -231.02195
                    5.22                      -230.91613
                   5.227                      -230.82416
                   5.234                      -230.74574
                   5.241                      -230.68057
                   5.248                      -230.62834
                   5.255                      -230.58873
                   5.262                      -230.56144
                   5.269                      -230.54615
                   5.276                      -230.54253
                   5.283                      -230.55025
                    5.29                      -230.56898
                   5.297                      -230.59834
                   5.304                      -230.63799
                   5.311                      -230.68751
                   5.318                       -230.7465
                   5.325                      -230.81451
                   5.332                      -230.89105
                   5.339                      -230.97558
                   5.346                      -231.06752
                   5.353                      -231.16622
                    5.36                      -231.27096
                   5.367                      -231.38092
                   5.374                      -231.49521
                   5.381                      -231.61281
                   5.388                      -231.73262
                   5.395                      -231.85337
                   5.402                       -231.9737
                   5.409                      -232.09211
                   5.416                      -232.20699
                   5.423                       -232.3166
                    5.43                      -232.41914
                   5.437                      -232.51275
                   5.444                      -232.59558
                   5.451                      -232.66581
                   5.458                      -232.72174
                   5.465                      -232.76188
                   5.472                      -232.78495
                   5.479                      -232.79002
                   5.486                      -232.77653
                   5.493                      -232.74431
                     5.5                      -232.69362
                   5.507                      -232.62512
                   5.514                      -232.53984
                   5.521                      -232.43918
                   5.528                      -232.32477
                   5.535                      -232.19843
                   5.542                      -232.06215
                   5.549                      -231.91793
                   5.556                       -231.7678
                   5.563                      -231.61372
                    5.57                      -231.45757
                   5.577                      -231.30112
                   5.584                        -231.146
                   5.591                      -230.99367
                   5.598                       -230.8455
                   5.605                      -230.70267
                   5.612                      -230.56624
                   5.619                      -230.43714
                   5.626                      -230.31618
                   5.633                      -230.20407
                    5.64                      -230.10141
                   5.647                      -230.00873
                   5.654                      -229.92646
                   5.661                      -229.85498
                   5.668                      -229.79459
                   5.675                      -229.74555
                   5.682                      -229.70807
                   5.689                      -229.68229
                   5.696                      -229.66836
                   5.703                      -229.66633
                    5.71                      -229.67625
                   5.717                      -229.69814
                   5.724                      -229.73196
                   5.731                      -229.77766
                   5.738                      -229.83512
                   5.745                      -229.90423
                   5.752                      -229.98478
                   5.759                      -230.07658
                   5.766                      -230.17933
                   5.773                      -230.29272
                    5.78                      -230.41637
                   5.787                      -230.54981
                   5.794                      -230.69254
                   5.801                      -230.84395
                   5.808                      -231.00334
                   5.815                      -231.16995
                   5.822                      -231.34289
                   5.829                      -231.52117
                   5.836                      -231.70371
                   5.843                      -231.88929
                    5.85                      -232.07662
                   5.857                      -232.26428
                   5.864                      -232.45081
                   5.871                      -232.63464
                   5.878                      -232.81419
                   5.885                       -232.9879
                   5.892                      -233.15422
                   5.899                      -233.31171
                   5.906                      -233.45906
                   5.913                      -233.59514
                    5.92                      -233.71909
                   5.927                      -233.83028
                   5.934                       -233.9284
                   5.941                      -234.01345
                   5.948                      -234.08574
                   5.955                      -234.14587
                   5.962                      -234.19472
                   5.969                      -234.23337
                   5.976                       -234.2631
                   5.983                      -234.28531
                    5.99                      -234.30147
                   5.997                       -234.3131
                   6.004                      -234.32171
                   6.011                      -234.32878
                   6.018                       -234.3357
                   6.025                       -234.3438
                   6.032                      -234.35431
                   6.039                      -234.36836
                   6.046                      -234.38695
                   6.053                      -234.41102
                    6.06                      -234.44138
                   6.067                      -234.47875
                   6.074                      -234.52378
                   6.081                      -234.57701
                   6.088                      -234.63893
                   6.095                      -234.70997
                   6.102                      -234.79049
                   6.109                      -234.88078
                   6.116                      -234.98113
                   6.123                      -235.09174
                    6.13                      -235.21281
                   6.137                      -235.34447
                   6.144                      -235.48686
                   6.151                      -235.64006
                   6.158                      -235.80413
                   6.165                       -235.9791
                   6.172                      -236.16498
                   6.179                      -236.36174
                   6.186                      -236.56933
                   6.193                      -236.78766
                     6.2                      -237.01659
                   6.207                      -237.25596
                   6.214                      -237.50552
                   6.221                        -237.765
                   6.228                      -238.03403
                   6.235                      -238.31216
                   6.242                      -238.59886
                   6.249                      -238.89345
                   6.256                      -239.19512
                   6.263                      -239.50289
                    6.27                      -239.81559
                   6.277                      -240.13178
                   6.284                      -240.44977
                   6.291                      -240.76755
                   6.298                      -241.08275
                   6.305                       -241.3926
                   6.312                      -241.69391
                   6.319                      -241.98306
                   6.326                      -242.25603
                   6.333                      -242.50846
                    6.34                      -242.73574
                   6.347                      -242.93324
                   6.354                      -243.09651
                   6.361                      -243.22154
                   6.368                      -243.30511
                   6.375                      -243.34502
                   6.382                      -243.34029
                   6.389                       -243.2913
                   6.396                      -243.19974
                   6.403                      -243.06845
                    6.41                      -242.90121
                   6.417                      -242.70245
                   6.424                      -242.47694
                   6.431                      -242.22953
                   6.438                      -241.96494
                   6.445                       -241.6876
                   6.452                      -241.40157
                   6.459                      -241.11048
                   6.466                      -240.81751
                   6.473                      -240.52542
                    6.48                       -240.2366
                   6.487                      -239.95307
                   6.494                      -239.67655
                   6.501                      -239.40849
                   6.508                      -239.15012
                   6.515                      -238.90248
                   6.522                      -238.66644
                   6.529                      -238.44275
                   6.536                      -238.23204
                   6.543                      -238.03484
                    6.55                      -237.85162
                   6.557                      -237.68278
                   6.564                      -237.52867
                   6.571                       -237.3896
                   6.578                      -237.26584
                   6.585                      -237.15763
                   6.592                      -237.06521
                   6.599                      -236.98878
                   6.606                      -236.92852
                   6.613                      -236.88464
                    6.62                      -236.85728
                   6.627                      -236.84664
                   6.634                      -236.85286
                   6.641                      -236.87609
                   6.648                       -236.9165
                   6.655                      -236.97423
                   6.662                      -237.04942
                   6.669                      -237.14219
                   6.676                      -237.25267
                   6.683                      -237.38095
                    6.69                      -237.52713
                   6.697                      -237.69125
                   6.704                      -237.87333
                   6.711                      -238.07334
                   6.718                       -238.2912
                   6.725                      -238.52672
                   6.732                      -238.77964
                   6.739                      -239.04958
                   6.746                      -239.33597
                   6.753                      -239.63809
                    6.76                      -239.95495
                   6.767                       -240.2853
                   6.774                      -240.62757
                   6.781                      -240.97976
                   6.788                      -241.33947
                   6.795                       -241.7038
                   6.802                      -242.06934
                   6.809                      -242.43216
                   6.816                      -242.78788
                   6.823                      -243.13178
                    6.83                      -243.45897
                   6.837                      -243.76463
                   6.844                      -244.04439
                   6.851                      -244.29459
                   6.858                      -244.51268
                   6.865                      -244.69746
                   6.872                      -244.84917
                   6.879                      -244.96951
                   6.886                      -245.06144
                   6.893                      -245.12891
                     6.9                      -245.17649
                   6.907                      -245.20902
                   6.914                      -245.23131
                   6.921                      -245.24788
                   6.928                      -245.26276
                   6.935                      -245.27941
                   6.942                      -245.30064
                   6.949                       -245.3286
                   6.956                      -245.36478
                   6.963                      -245.41002
                    6.97                      -245.46453
                   6.977                       -245.5279
                   6.984                      -245.59915
                   6.991                      -245.67669
                   6.998                      -245.75839
                   7.005                       -245.8416
                   7.012                      -245.92318
                   7.019                      -245.99962
                   7.026                      -246.06715
                   7.033                      -246.12188
                    7.04                      -246.16006
                   7.047                      -246.17827
                   7.054                      -246.17369
                   7.061                      -246.14432
                   7.068                      -246.08912
                   7.075                      -246.00814
                   7.082                      -245.90248
                   7.089                      -245.77419
                   7.096                       -245.6261
                   7.103                       -245.4616
                    7.11                      -245.28437
                   7.117                      -245.09821
                   7.124                      -244.90684
                   7.131                      -244.71375
                   7.138                      -244.52213
                   7.145                       -244.3348
                   7.152                      -244.15421
                   7.159                      -243.98244
                   7.166                      -243.82124
                   7.173                      -243.67201
                    7.18                      -243.53592
                   7.187                      -243.41384
                   7.194                      -243.30648
                   7.201                      -243.21435
                   7.208                      -243.13781
                   7.215                      -243.07709
                   7.222                      -243.03234
                   7.229                      -243.00359
                   7.236                      -242.99081
                   7.243                      -242.99392
                    7.25                      -243.01277
                   7.257                      -243.04717
                   7.264                      -243.09688
                   7.271                      -243.16164
                   7.278                      -243.24115
                   7.285                      -243.33508
                   7.292                      -243.44306
                   7.299                      -243.56471
                   7.306                      -243.69961
                   7.313                      -243.84731
                    7.32                      -244.00732
                   7.327                      -244.17914
                   7.334                      -244.36221
                   7.341                      -244.55595
                   7.348                      -244.75974
                   7.355                       -244.9729
                   7.362                      -245.19474
                   7.369                      -245.42448
                   7.376                      -245.66132
                   7.383                       -245.9044
                    7.39                      -246.15279
                   7.397                      -246.40549
                   7.404                      -246.66147
                   7.411                      -246.91959
                   7.418                      -247.17865
                   7.425                      -247.43739
                   7.432                      -247.69446
                   7.439                      -247.94845
                   7.446                      -248.19786
                   7.453                      -248.44115
                    7.46                      -248.67675
                   7.467                      -248.90303
                   7.474                      -249.11839
                   7.481                      -249.32126
                   7.488                      -249.51015
                   7.495                      -249.68369
                   7.502                      -249.84066
                   7.509                      -249.98008
                   7.516                      -250.10123
                   7.523                      -250.20366
                    7.53                      -250.28727
                   7.537                      -250.35228
                   7.544                      -250.39925
                   7.551                      -250.42906
                   7.558                      -250.44284
                   7.565                      -250.44198
                   7.572                      -250.42805
                   7.579                      -250.40274
                   7.586                      -250.36781
                   7.593                      -250.32505
                     7.6                       -250.2762
                   7.607                      -250.22297
                   7.614                      -250.16694
                   7.621                      -250.10957
                   7.628                       -250.0522
                   7.635                      -249.99598
                   7.642                      -249.94195
                   7.649                      -249.89095
                   7.656                      -249.84369
                   7.663                       -249.8007
                    7.67                      -249.76237
                   7.677                      -249.72894
                   7.684                      -249.70052
                   7.691                      -249.67705
                   7.698                      -249.65839
                   7.705                      -249.64424
                   7.712                       -249.6342
                   7.719                      -249.62775
                   7.726                      -249.62431
                   7.733                      -249.62317
                    7.74                      -249.62357
                   7.747                      -249.62469
                   7.754                      -249.62567
                   7.761                      -249.62562
                   7.768                      -249.62367
                   7.775                      -249.61893
                   7.782                       -249.6106
                   7.789                      -249.59791
                   7.796                       -249.5802
                   7.803                      -249.55691
                    7.81                      -249.52762
                   7.817                      -249.49203
                   7.824                         -249.45
                   7.831                      -249.40151
                   7.838                      -249.34672
                   7.845                      -249.28591
                   7.852                      -249.21947
                   7.859                      -249.14792
                   7.866                      -249.07183
                   7.873                      -248.99186
                    7.88                      -248.90871
                   7.887                       -248.8231
                   7.894                      -248.73574
                   7.901                      -248.64733
                   7.908                      -248.55855
                   7.915                      -248.47003
                   7.922                      -248.38233
                   7.929                      -248.29597
                   7.936                      -248.21139
                   7.943                      -248.12897
                    7.95                      -248.04901
                   7.957                      -247.97171
                   7.964                      -247.89724
                   7.971                      -247.82565
                   7.978                      -247.75694
                   7.985                      -247.69103
                   7.992                      -247.62776
                   7.999                      -247.56691
                   8.006                       -247.5082
                   8.013                      -247.45128
                    8.02                      -247.39572
                   8.027                      -247.34108
                   8.034                      -247.28682
                   8.041                      -247.23241
                   8.048                      -247.17724
                   8.055                      -247.12071
                   8.062                      -247.06218
                   8.069                      -247.00104
                   8.076                      -246.93664
                   8.083                      -246.86841
                    8.09                      -246.79577
                   8.097                      -246.71822
                   8.104                      -246.63531
                   8.111                      -246.54668
                   8.118                      -246.45205
                   8.125                      -246.35124
                   8.132                      -246.24416
                   8.139                      -246.13085
                   8.146                      -246.01143
                   8.153                      -245.88615
                    8.16                      -245.75533
                   8.167                       -245.6194
                   8.174                      -245.47886
                   8.181                      -245.33427
                   8.188                      -245.18627
                   8.195                      -245.03551
                   8.202                      -244.88269
                   8.209                      -244.72851
                   8.216                      -244.57368
                   8.223                      -244.41892
                    8.23                      -244.26493
                   8.237                      -244.11236
                   8.244                      -243.96189
                   8.251                      -243.81412
                   8.258                      -243.66964
                   8.265                        -243.529
                   8.272                      -243.39271
                   8.279                      -243.26126
                   8.286                      -243.13509
                   8.293                       -243.0146
                     8.3                      -242.90017
                   8.307                      -242.79214
                   8.314                      -242.69082
                   8.321                       -242.5965
                   8.328                      -242.50943
                   8.335                      -242.42984
                   8.342                      -242.35793
                   8.349                      -242.29389
                   8.356                      -242.23788
                   8.363                      -242.19004
                    8.37                      -242.15049
                   8.377                      -242.11934
                   8.384                      -242.09666
                   8.391                      -242.08252
                   8.398                      -242.07697
                   8.405                      -242.08002
                   8.412                      -242.09168
                   8.419                      -242.11193
                   8.426                      -242.14073
                   8.433                      -242.17801
                    8.44                      -242.22366
                   8.447                      -242.27757
                   8.454                      -242.33956
                   8.461                      -242.40943
                   8.468                      -242.48695
                   8.475                      -242.57181
                   8.482                      -242.66369
                   8.489                      -242.76219
                   8.496                      -242.86685
                   8.503                      -242.97716
                    8.51                      -243.09254
                   8.517                      -243.21232
                   8.524                      -243.33579
                   8.531                      -243.46214
                   8.538                       -243.5905
                   8.545                      -243.71994
                   8.552                      -243.84945
                   8.559                        -243.978
                   8.566                      -244.10449
                   8.573                      -244.22783
                    8.58                      -244.34694
                   8.587                      -244.46074
                   8.594                      -244.56824
                   8.601                      -244.66854
                   8.608                      -244.76085
                   8.615                      -244.84453
                   8.622                      -244.91913
                   8.629                      -244.98436
                   8.636                      -245.04017
                   8.643                      -245.08669
                    8.65                      -245.12427
                   8.657                      -245.15344
                   8.664                      -245.17491
                   8.671                      -245.18951
                   8.678                       -245.1982
                   8.685                      -245.20203
                   8.692                      -245.20209
                   8.699                      -245.19948
                   8.706                      -245.19531
                   8.713                      -245.19066
                    8.72                      -245.18653
                   8.727                      -245.18389
                   8.734                       -245.1836
                   8.741                      -245.18644
                   8.748                      -245.19309
                   8.755                      -245.20413
                   8.762                      -245.22003
                   8.769                      -245.24114
                   8.776                      -245.26774
                   8.783                      -245.29998
                    8.79                      -245.33788
                   8.797                      -245.38141
                   8.804                      -245.43039
                   8.811                      -245.48457
                   8.818                      -245.54358
                   8.825                      -245.60696
                   8.832                      -245.67417
                   8.839                      -245.74458
                   8.846                      -245.81749
                   8.853                       -245.8921
                    8.86                       -245.9676
                   8.867                      -246.04312
                   8.874                      -246.11775
                   8.881                       -246.1906
                   8.888                      -246.26079
                   8.895                      -246.32747
                   8.902                      -246.38988
                   8.909                      -246.44732
                   8.916                      -246.49923
                   8.923                      -246.54516
                    8.93                      -246.58482
                   8.937                      -246.61807
                   8.944                      -246.64495
                   8.951                      -246.66563
                   8.958                      -246.68047
                   8.965                      -246.68995
                   8.972                      -246.69467
                   8.979                      -246.69535
                   8.986                      -246.69279
                   8.993                      -246.68783
                       9                      -246.68137

